# 2400

# === Voice data start ===
[5792.62, 5792.62, 5792.62, 5357.06, 5029.37, 4654.07, 4515.41, 4490.44, 3620.14, 3708.99, 3817.56, 3225.25, 3134.71, 3041.19, 2669.44, 2889.86, 2496.51, 2595.40, 2598.06, 2089.54, 1842.66, 2297.46, 2154.17, 1803.79, 1698.99, 1906.57, 1729.46, 1508.22, 1673.58, 1555.71, 1398.25, 1513.73, ],
[1667.88, 1644.63, 1631.88, 1633.89, 1614.42, 1593.21, 1574.79, 1586.17, 1537.02, 1527.60, 1513.00, 1485.25, 1463.30, 1456.13, 1421.34, 1460.39, 1444.38, 1383.66, 1374.76, 1383.85, 1358.74, 1355.36, 1353.42, 1353.31, 1336.27, 1329.45, 1323.85, 1326.66, 1319.22, 1333.30, 1343.07, 1304.55, ],
[1621.56, 1613.34, 1596.77, 1615.50, 1587.48, 1597.23, 1638.59, 1560.67, 1559.30, 1571.19, 1565.18, 1592.14, 1597.23, 1588.11, 1571.85, 1629.23, 1683.46, 1601.81, 1582.38, 1574.87, 1563.50, 1561.34, 1559.97, 1541.12, 1546.04, 1584.27, 1561.55, 1539.94, 1527.65, 1542.98, 1532.30, 1573.88, ],
[1144.07, 1165.76, 1144.78, 1145.45, 1241.20, 1203.66, 1158.40, 1197.91, 1201.39, 1173.12, 1210.13, 1222.66, 1263.51, 1288.66, 1284.51, 1251.09, 1284.50, 1312.62, 1347.17, 1340.15, 1336.13, 1364.03, 1398.44, 1400.86, 1392.20, 1382.54, 1387.24, 1450.71, 1379.69, 1375.48, 1370.96, 1359.81, ],
[1280.45, 1305.09, 1285.61, 1285.79, 1279.29, 1283.40, 1284.59, 1282.13, 1279.61, 1318.95, 1283.65, 1298.93, 1275.14, 1282.94, 1321.37, 1324.68, 1290.68, 1284.91, 1302.31, 1292.54, 1300.54, 1293.89, 1281.28, 1291.35, 1288.83, 1289.43, 1278.16, 1281.84, 1274.99, 1292.99, 1291.28, 1296.46, ],
[1302.73, 1323.27, 1297.66, 1302.92, 1297.47, 1300.27, 1294.89, 1296.72, 1297.61, 1301.64, 1299.71, 1297.24, 1302.90, 1296.41, 1299.40, 1299.38, 1298.67, 1300.52, 1301.26, 1314.15, 1300.11, 1298.84, 1303.79, 1295.11, 1300.77, 1296.25, 1295.56, 1291.45, 1306.43, 1295.46, 1310.38, 1296.10, ],
[1306.40, 1307.19, 1311.29, 1310.50, 1309.80, 1333.37, 1320.45, 1312.53, 1315.03, 1305.70, 1298.94, 1305.01, 1296.53, 1288.12, 1281.25, 1278.55, 1270.74, 1269.68, 1265.64, 1264.13, 1266.94, 1269.90, 1274.52, 1300.11, 1297.33, 1305.26, 1287.03, 1313.30, 1246.44, 1238.70, 1229.73, 1227.37, ],
[1190.48, 1187.21, 1182.68, 1182.25, 1187.49, 1198.34, 1182.22, 1185.12, 1189.84, 1209.98, 1183.93, 1179.28, 1196.57, 1181.02, 1185.77, 1179.76, 1182.32, 1189.21, 1189.59, 1190.91, 1187.94, 1185.07, 1185.31, 1188.14, 1189.92, 1203.90, 1193.72, 1187.49, 1204.76, 1202.67, 1191.66, 1184.85, ],
[1220.85, 1231.00, 1219.27, 1206.73, 1225.20, 1215.12, 1224.56, 1203.34, 1210.75, 1212.13, 1207.32, 1234.73, 1223.26, 1221.27, 1217.62, 1199.96, 1207.03, 1200.30, 1206.61, 1204.25, 1212.17, 1205.24, 1211.72, 1198.80, 1202.96, 1195.31, 1203.03, 1212.17, 1208.05, 1203.27, 1202.72, 1196.82, ],
[1246.56, 1261.70, 1242.75, 1247.58, 1246.75, 1252.71, 1243.66, 1251.64, 1267.92, 1281.18, 1251.24, 1265.53, 1254.56, 1255.85, 1248.20, 1268.35, 1262.57, 1254.21, 1252.83, 1259.67, 1238.77, 1244.57, 1237.04, 1247.70, 1236.85, 1305.25, 1242.72, 1264.12, 1268.69, 1263.39, 1244.52, 1249.75, ],
[1233.16, 1214.21, 1204.83, 1204.43, 1217.35, 1213.06, 1214.73, 1221.86, 1206.84, 1213.65, 1208.42, 1238.67, 1223.57, 1226.63, 1210.97, 1207.12, 1224.88, 1195.55, 1207.13, 1208.47, 1199.48, 1197.43, 1202.52, 1195.85, 1270.99, 1242.81, 1243.62, 1234.03, 1249.87, 1207.89, 1223.26, 1207.72, ],
[1258.79, 1244.94, 1250.43, 1249.57, 1306.54, 1256.21, 1245.11, 1244.77, 1241.95, 1253.46, 1261.87, 1246.36, 1252.13, 1262.64, 1251.35, 1245.20, 1249.64, 1245.41, 1249.82, 1273.03, 1245.48, 1255.29, 1236.75, 1254.24, 1247.14, 1251.53, 1268.13, 1258.92, 1236.90, 1243.36, 1281.12, 1249.20, ],
[1230.62, 1220.44, 1220.58, 1226.87, 1220.37, 1212.43, 1225.40, 1219.17, 1222.57, 1214.12, 1240.80, 1220.75, 1214.18, 1213.87, 1216.59, 1245.14, 1220.61, 1217.07, 1219.51, 1218.03, 1229.70, 1248.24, 1229.02, 1247.95, 1219.55, 1214.94, 1227.44, 1261.01, 1239.96, 1226.96, 1223.30, 1220.29, ],
[1235.82, 1243.62, 1233.85, 1237.26, 1241.89, 1244.26, 1233.20, 1244.39, 1224.63, 1240.66, 1227.22, 1233.58, 1223.68, 1227.04, 1231.76, 1227.08, 1221.37, 1227.71, 1233.60, 1227.61, 1224.00, 1229.61, 1224.59, 1226.26, 1233.44, 1228.99, 1227.73, 1280.95, 1235.33, 1238.28, 1242.96, 1224.85, ],
[1259.42, 1260.66, 1258.33, 1271.62, 1259.46, 1266.51, 1261.86, 1265.64, 1259.96, 1270.50, 1256.82, 1274.14, 1265.99, 1267.81, 1255.25, 1260.77, 1257.26, 1267.24, 1247.79, 1276.81, 1247.63, 1252.92, 1245.03, 1250.68, 1249.62, 1246.53, 1256.58, 1264.76, 1263.86, 1262.68, 1247.30, 1258.86, ],
[1419.39, 1365.33, 1367.83, 1431.98, 1357.55, 1396.28, 1379.95, 1409.80, 1381.35, 1387.54, 1420.58, 1420.42, 1417.69, 1415.70, 1390.61, 1361.26, 1382.08, 1396.69, 1377.08, 1430.25, 1411.42, 1375.03, 1379.48, 1358.36, 1372.93, 1359.48, 1367.75, 1358.78, 1364.38, 1362.04, 1370.48, 1361.08, ],
[1424.94, 1383.65, 1384.15, 1378.95, 1376.85, 1382.27, 1375.16, 1383.24, 1370.77, 1398.97, 1388.82, 1383.38, 1381.48, 1417.99, 1391.20, 1387.13, 1375.13, 1383.93, 1383.93, 1401.94, 1381.56, 1383.79, 1372.63, 1379.43, 1388.58, 1384.18, 1381.61, 1378.62, 1381.21, 1375.89, 1382.14, 1380.20, ],
[1366.71, 1361.68, 1377.59, 1389.87, 1394.03, 1381.00, 1364.19, 1362.27, 1354.97, 1355.39, 1369.70, 1368.05, 1351.39, 1348.65, 1346.73, 1357.49, 1342.84, 1355.64, 1353.16, 1342.41, 1351.45, 1382.23, 1370.26, 1354.96, 1377.54, 1345.45, 1351.17, 1351.16, 1359.48, 1350.11, 1374.73, 1348.87, ],
[1303.95, 1315.36, 1313.91, 1336.71, 1323.02, 1323.35, 1319.47, 1332.46, 1317.02, 1325.96, 1317.97, 1312.24, 1302.37, 1319.04, 1296.37, 1297.13, 1306.66, 1296.80, 1290.03, 1294.28, 1298.56, 1299.48, 1297.16, 1298.49, 1299.92, 1306.20, 1304.40, 1303.61, 1300.21, 1306.24, 1300.25, 1304.77, ],
[1230.32, 1240.04, 1237.82, 1238.65, 1237.67, 1239.89, 1235.00, 1239.78, 1228.98, 1235.96, 1235.96, 1229.33, 1232.63, 1235.88, 1251.24, 1254.59, 1222.74, 1239.21, 1219.16, 1227.99, 1226.66, 1219.36, 1215.01, 1219.45, 1213.56, 1219.85, 1216.37, 1225.61, 1216.31, 1219.94, 1214.20, 1223.57, ],
[1264.91, 1247.58, 1240.05, 1234.67, 1239.60, 1242.36, 1246.48, 1235.33, 1238.94, 1233.97, 1241.44, 1247.67, 1234.22, 1250.67, 1272.05, 1233.12, 1240.93, 1232.62, 1240.24, 1235.52, 1245.90, 1257.46, 1264.83, 1245.55, 1251.56, 1252.74, 1264.31, 1255.46, 1246.32, 1244.22, 1248.33, 1252.09, ],
[1355.43, 1349.34, 1364.48, 1353.91, 1354.45, 1344.55, 1342.34, 1347.11, 1338.38, 1339.84, 1330.03, 1341.11, 1327.60, 1324.43, 1320.84, 1332.29, 1315.81, 1322.67, 1308.89, 1329.70, 1308.64, 1329.66, 1304.42, 1315.05, 1308.16, 1321.46, 1307.47, 1314.22, 1314.07, 1337.84, 1310.93, 1331.95, ],
[1291.24, 1282.45, 1285.73, 1286.39, 1291.93, 1284.52, 1283.39, 1284.77, 1282.51, 1269.26, 1266.86, 1273.54, 1263.85, 1264.66, 1269.92, 1266.00, 1329.46, 1367.57, 1285.14, 1302.57, 1314.32, 1322.76, 1280.68, 1313.79, 1307.91, 1292.83, 1261.29, 1273.31, 1264.89, 1263.60, 1260.25, 1262.18, ],
[1308.27, 1336.70, 1298.50, 1301.43, 1311.41, 1306.54, 1296.81, 1308.05, 1297.39, 1308.67, 1309.12, 1308.35, 1314.31, 1334.86, 1302.46, 1313.54, 1329.41, 1347.55, 1316.93, 1337.09, 1325.07, 1326.39, 1328.28, 1360.99, 1326.68, 1345.47, 1370.16, 1334.39, 1333.96, 1344.79, 1343.41, 1352.85, ],
[1243.34, 1248.50, 1245.40, 1242.47, 1250.25, 1244.83, 1257.71, 1248.27, 1266.28, 1237.06, 1269.47, 1234.45, 1245.51, 1228.57, 1256.01, 1233.62, 1235.65, 1247.96, 1244.56, 1254.03, 1252.72, 1235.27, 1240.55, 1232.48, 1237.14, 1235.79, 1235.02, 1231.98, 1237.01, 1231.31, 1234.26, 1232.28, ],
[1225.34, 1227.82, 1224.55, 1233.94, 1229.09, 1240.40, 1235.58, 1256.87, 1225.67, 1234.96, 1227.53, 1234.74, 1227.68, 1242.34, 1229.12, 1235.98, 1231.11, 1230.08, 1229.61, 1244.29, 1273.11, 1242.01, 1278.15, 1231.09, 1245.36, 1266.01, 1261.42, 1278.32, 1244.52, 1243.45, 1228.66, 1236.79, ],
[1337.70, 1340.03, 1357.06, 1326.11, 1342.63, 1317.97, 1346.38, 1367.29, 1352.91, 1351.86, 1343.21, 1346.81, 1390.50, 1319.81, 1341.34, 1308.14, 1322.25, 1306.45, 1307.08, 1303.80, 1306.10, 1288.99, 1294.31, 1286.92, 1280.23, 1272.09, 1303.59, 1281.28, 1272.93, 1258.65, 1259.74, 1266.40, ],
[1247.31, 1251.39, 1249.64, 1254.33, 1254.00, 1262.56, 1249.98, 1240.98, 1254.51, 1243.33, 1259.82, 1250.30, 1250.27, 1237.84, 1241.98, 1237.54, 1256.72, 1292.36, 1314.21, 1308.53, 1333.95, 1310.61, 1300.90, 1263.08, 1432.75, 1323.01, 1304.30, 1258.40, 1363.75, 1260.83, 1254.23, 1293.99, ],
[1244.76, 1225.87, 1225.26, 1233.70, 1229.67, 1228.62, 1233.55, 1230.03, 1231.30, 1234.01, 1230.72, 1232.86, 1280.60, 1273.74, 1233.33, 1232.47, 1232.64, 1238.37, 1239.45, 1230.73, 1237.61, 1235.28, 1229.41, 1229.77, 1229.52, 1233.15, 1256.13, 1241.16, 1241.14, 1244.69, 1238.76, 1237.52, ],
[1226.68, 1219.82, 1227.89, 1228.27, 1240.59, 1232.51, 1231.54, 1215.44, 1225.74, 1220.17, 1229.76, 1237.15, 1230.76, 1217.43, 1224.27, 1236.68, 1246.68, 1217.44, 1221.01, 1255.84, 1241.58, 1231.64, 1243.84, 1218.94, 1223.07, 1222.75, 1228.13, 1226.36, 1233.86, 1217.91, 1231.17, 1218.28, ],
[1230.40, 1252.03, 1244.47, 1250.67, 1234.40, 1236.06, 1233.14, 1241.75, 1274.66, 1254.20, 1225.49, 1235.45, 1269.30, 1234.46, 1228.47, 1252.61, 1228.67, 1242.88, 1231.26, 1231.97, 1226.40, 1232.15, 1252.29, 1239.43, 1235.38, 1231.62, 1228.68, 1229.13, 1224.16, 1237.78, 1225.76, 1244.15, ],
[1232.88, 1221.85, 1235.92, 1231.97, 1228.86, 1219.26, 1228.22, 1245.97, 1246.60, 1223.08, 1231.57, 1224.10, 1228.92, 1222.84, 1235.46, 1223.41, 1234.11, 1221.91, 1234.76, 1228.55, 1230.29, 1219.83, 1229.59, 1224.96, 1235.89, 1224.74, 1233.67, 1234.82, 1226.51, 1222.69, 1231.28, 1224.38, ],
[1218.07, 1227.49, 1215.16, 1215.65, 1226.29, 1214.35, 1214.06, 1214.01, 1216.17, 1213.86, 1216.05, 1212.91, 1220.34, 1222.28, 1215.36, 1220.93, 1216.86, 1218.81, 1214.77, 1213.94, 1223.13, 1216.41, 1218.84, 1215.70, 1220.28, 1218.04, 1226.42, 1233.05, 1229.48, 1214.41, 1226.20, 1221.63, ],
[1241.55, 1237.18, 1230.01, 1235.58, 1232.34, 1228.91, 1243.17, 1233.29, 1235.98, 1236.15, 1230.79, 1232.13, 1243.31, 1230.59, 1234.87, 1228.11, 1229.22, 1227.77, 1236.01, 1228.30, 1225.88, 1235.31, 1224.24, 1220.45, 1220.27, 1217.87, 1217.98, 1217.02, 1207.96, 1205.68, 1214.68, 1204.02, ],
[1285.90, 1292.48, 1282.37, 1280.95, 1281.89, 1282.08, 1284.80, 1282.36, 1285.31, 1281.12, 1280.60, 1277.54, 1284.17, 1276.94, 1277.96, 1286.58, 1275.37, 1276.13, 1279.31, 1279.65, 1274.16, 1297.17, 1268.23, 1272.02, 1271.97, 1282.24, 1273.09, 1272.73, 1272.71, 1350.81, 1286.59, 1271.73, ],
[1271.71, 1272.29, 1272.50, 1303.74, 1271.40, 1273.73, 1272.99, 1275.30, 1269.83, 1290.99, 1271.04, 1281.13, 1299.96, 1278.07, 1279.46, 1285.57, 1281.83, 1289.17, 1279.21, 1283.74, 1292.60, 1280.81, 1273.85, 1279.92, 1277.54, 1296.40, 1281.15, 1284.89, 1285.16, 1288.40, 1276.69, 1285.13, ],
[1278.75, 1279.75, 1282.11, 1269.86, 1273.30, 1262.76, 1274.49, 1268.20, 1273.62, 1264.02, 1274.12, 1267.28, 1274.77, 1264.64, 1302.75, 1267.23, 1271.95, 1263.62, 1281.30, 1269.69, 1279.65, 1266.86, 1270.03, 1264.86, 1272.94, 1269.48, 1267.61, 1265.13, 1270.45, 1265.94, 1268.65, 1263.62, ],
[1263.65, 1284.25, 1271.67, 1278.71, 1274.00, 1273.55, 1271.42, 1266.92, 1260.11, 1282.82, 1279.55, 1272.45, 1260.19, 1266.09, 1272.14, 1268.40, 1283.41, 1268.34, 1260.30, 1261.03, 1258.17, 1265.26, 1258.36, 1260.93, 1261.59, 1264.83, 1263.25, 1288.35, 1258.18, 1255.91, 1258.21, 1261.82, ],
[1276.21, 1264.90, 1273.31, 1276.07, 1282.25, 1270.14, 1276.67, 1273.20, 1276.54, 1298.20, 1279.88, 1272.18, 1267.59, 1277.74, 1273.17, 1273.27, 1277.50, 1278.67, 1276.63, 1268.91, 1274.19, 1278.06, 1283.06, 1275.80, 1282.85, 1280.73, 1272.39, 1274.30, 1275.46, 1271.27, 1301.47, 1285.96, ],
[1279.20, 1275.62, 1274.47, 1280.49, 1284.87, 1267.48, 1281.37, 1275.99, 1281.10, 1268.22, 1316.48, 1285.76, 1275.29, 1279.12, 1279.21, 1268.87, 1278.69, 1269.51, 1297.34, 1274.91, 1276.27, 1268.12, 1293.53, 1268.20, 1275.39, 1268.75, 1296.35, 1265.91, 1274.03, 1272.60, 1280.51, 1270.19, ],
[1272.01, 1277.87, 1276.19, 1286.16, 1296.95, 1284.64, 1284.22, 1294.32, 1274.46, 1283.37, 1284.93, 1278.87, 1281.02, 1279.72, 1278.87, 1285.99, 1272.89, 1275.73, 1271.38, 1277.55, 1268.09, 1277.36, 1302.68, 1271.05, 1272.87, 1292.96, 1267.23, 1277.40, 1260.88, 1265.12, 1260.56, 1264.50, ],
[1364.63, 1360.82, 1358.58, 1354.57, 1357.15, 1350.14, 1355.56, 1356.28, 1353.84, 1365.13, 1349.66, 1348.08, 1353.70, 1353.32, 1353.44, 1353.52, 1354.45, 1350.38, 1355.59, 1342.51, 1352.53, 1348.24, 1349.95, 1350.89, 1348.68, 1345.58, 1345.00, 1333.22, 1343.18, 1344.57, 1335.17, 1325.81, ],
[1295.66, 1303.33, 1272.24, 1280.08, 1265.16, 1299.59, 1261.39, 1274.91, 1268.46, 1269.67, 1263.33, 1273.13, 1267.13, 1270.03, 1269.54, 1284.71, 1270.50, 1284.05, 1263.99, 1270.70, 1258.32, 1266.12, 1260.00, 1237.41, 1231.38, 1216.24, 1201.16, 1189.48, 1164.05, 1166.24, 1150.01, 1153.89, ],
[1145.44, 1184.73, 1171.08, 1182.59, 1157.84, 1167.37, 1193.38, 1155.59, 1205.66, 1146.10, 1160.50, 1161.66, 1157.08, 1182.36, 1145.60, 1166.09, 1141.95, 1143.98, 1143.40, 1157.63, 1147.03, 1144.98, 1173.34, 1149.17, 1168.10, 1146.58, 1229.17, 1164.71, 1197.84, 1156.79, 1162.08, 1141.41, ],
[1233.78, 1213.41, 1202.42, 1208.72, 1213.94, 1218.05, 1211.78, 1218.64, 1233.01, 1239.00, 1215.19, 1247.73, 1227.29, 1219.23, 1212.54, 1223.01, 1218.92, 1215.42, 1201.70, 1217.32, 1212.19, 1214.82, 1201.91, 1213.94, 1220.53, 1214.07, 1202.05, 1209.32, 1200.87, 1211.84, 1193.70, 1210.68, ],
[1225.36, 1260.70, 1218.27, 1248.95, 1221.23, 1224.77, 1248.85, 1229.08, 1222.76, 1230.37, 1238.62, 1235.80, 1225.30, 1225.18, 1243.89, 1226.56, 1228.33, 1231.13, 1239.52, 1241.58, 1224.68, 1236.91, 1229.42, 1229.91, 1223.97, 1229.25, 1235.84, 1232.56, 1223.53, 1231.14, 1221.33, 1230.64, ],
[1179.37, 1182.48, 1156.20, 1241.92, 1176.58, 1198.97, 1248.07, 1176.98, 1181.02, 1166.04, 1181.76, 1211.13, 1165.78, 1186.59, 1176.82, 1263.78, 1244.13, 1217.96, 1238.10, 1223.77, 1288.70, 1245.60, 1277.12, 1281.59, 1251.49, 1251.87, 1239.45, 1264.01, 1258.31, 1212.81, 1234.21, 1214.72, ],
[1270.57, 1272.50, 1270.93, 1265.77, 1263.63, 1266.00, 1269.40, 1270.84, 1261.14, 1266.01, 1282.90, 1274.76, 1263.01, 1269.00, 1269.53, 1271.14, 1265.20, 1300.38, 1275.27, 1318.01, 1274.17, 1274.19, 1285.93, 1281.73, 1275.08, 1287.92, 1274.87, 1296.17, 1278.75, 1278.88, 1282.75, 1284.79, ],
[1292.07, 1347.54, 1267.60, 1269.80, 1269.01, 1302.87, 1268.78, 1276.35, 1271.67, 1267.47, 1292.77, 1277.04, 1266.58, 1275.93, 1270.93, 1260.46, 1265.04, 1258.45, 1275.62, 1326.68, 1321.69, 1283.68, 1275.97, 1322.60, 1306.35, 1266.59, 1299.49, 1281.57, 1324.54, 1257.79, 1285.74, 1270.84, ],
[1243.86, 1240.92, 1231.79, 1275.25, 1235.43, 1256.46, 1240.87, 1251.21, 1235.17, 1241.40, 1243.75, 1267.62, 1321.87, 1262.87, 1276.76, 1239.52, 1234.23, 1259.59, 1235.68, 1244.64, 1250.30, 1304.63, 1246.49, 1266.73, 1272.70, 1284.23, 1257.35, 1261.60, 1241.06, 1244.40, 1243.41, 1255.14, ],
[1212.33, 1219.57, 1224.71, 1209.74, 1220.92, 1215.36, 1212.71, 1218.19, 1228.45, 1219.92, 1228.18, 1213.79, 1207.11, 1211.78, 1215.83, 1228.87, 1259.57, 1209.89, 1226.77, 1222.66, 1235.70, 1204.85, 1237.21, 1208.68, 1244.65, 1206.75, 1221.28, 1240.28, 1228.20, 1208.41, 1206.59, 1191.08, ],
[1236.14, 1246.83, 1240.78, 1228.00, 1231.67, 1225.74, 1249.32, 1236.13, 1235.90, 1232.12, 1225.97, 1215.45, 1215.51, 1222.53, 1234.02, 1266.94, 1232.77, 1304.77, 1258.50, 1277.68, 1285.68, 1278.27, 1249.16, 1288.82, 1282.93, 1262.55, 1283.56, 1335.58, 1293.51, 1337.08, 1291.97, 1302.13, ],
[1310.44, 1386.41, 1224.05, 1232.62, 1242.11, 1245.17, 1256.79, 1263.66, 1293.32, 1257.60, 1241.78, 1261.71, 1279.86, 1286.74, 1342.52, 1361.84, 1361.35, 1334.15, 1351.90, 1361.77, 1341.40, 1303.05, 1288.72, 1309.74, 1438.63, 1361.71, 1278.85, 1322.91, 1310.01, 1235.42, 1286.94, 1348.19, ],
[1339.62, 1361.85, 1349.81, 1382.71, 1361.62, 1355.06, 1385.24, 1426.32, 1373.37, 1393.71, 1388.93, 1414.49, 1387.27, 1458.90, 1465.39, 1485.39, 1524.27, 1516.84, 1506.81, 1440.74, 1414.89, 1413.87, 1340.12, 1374.73, 1342.83, 1357.42, 1408.09, 1394.04, 1506.48, 1384.32, 1386.42, 1400.58, ],
[1602.55, 1674.22, 1755.18, 1620.23, 1364.60, 1008.77, 1029.31, 1413.95, 1608.32, 1786.59, 1852.73, 1825.68, 1799.16, 1768.57, 1769.96, 1772.27, 1771.09, 1832.85, 1794.67, 1775.88, 1725.89, 1701.81, 1686.11, 1707.58, 1688.71, 1755.18, 1714.35, 1751.06, 1740.71, 1783.54, 1745.11, 1730.41, ],
[1695.70, 1650.70, 1710.62, 1671.26, 1679.29, 1664.23, 1674.83, 1693.16, 1684.73, 1716.81, 1726.99, 1733.67, 1738.14, 1699.86, 1717.01, 1732.06, 1725.86, 1776.49, 1744.42, 1765.11, 1758.94, 1752.35, 1786.36, 1788.81, 1819.17, 1820.09, 1823.69, 1821.46, 1818.29, 1899.93, 1845.88, 1839.34, ],
[1886.24, 1870.61, 1902.91, 1894.82, 1887.25, 1872.85, 1881.33, 1866.42, 1926.01, 1880.48, 1895.35, 1922.88, 1901.49, 1899.90, 1903.54, 1895.51, 1905.05, 1908.24, 1918.88, 1907.84, 1909.15, 1927.57, 1925.00, 1911.47, 1948.30, 1946.87, 1929.81, 1934.15, 1944.78, 1949.17, 1960.80, 1957.16, ],
[1974.64, 1971.70, 1961.46, 1951.24, 1943.39, 1941.56, 1923.01, 1921.59, 1924.38, 1908.97, 1908.54, 1903.26, 1905.67, 1908.83, 1902.18, 1907.72, 1924.86, 1927.92, 1905.44, 1967.66, 1906.15, 1912.25, 1921.91, 1926.91, 1932.68, 1930.04, 1916.83, 1978.53, 1939.63, 1951.60, 1910.63, 1916.90, ],
[1985.68, 1984.61, 1969.89, 1968.91, 1934.16, 1930.75, 1940.69, 1983.18, 1989.08, 1916.02, 1978.92, 1973.32, 1969.77, 1987.64, 2100.17, 2107.33, 2080.04, 2096.35, 2048.44, 2149.54, 2045.90, 1957.23, 2058.25, 2043.17, 2201.93, 2157.45, 1935.05, 1962.01, 2148.61, 2189.44, 2086.71, 2191.32, ],
[2064.05, 2112.97, 2174.64, 2038.09, 2009.04, 2141.99, 2118.14, 2151.74, 2122.35, 2117.57, 2000.05, 2141.71, 2076.15, 2010.18, 1953.41, 2066.12, 2067.29, 2055.39, 2069.74, 2051.06, 1941.35, 2062.40, 2089.37, 1932.72, 1970.94, 2097.46, 1960.89, 1977.25, 2002.72, 1977.85, 2019.20, 2055.12, ],
[1189.18, 1295.02, 1505.61, 1417.44, 1443.03, 1397.92, 1299.25, 1272.47, 1212.95, 1271.86, 1214.64, 1207.00, 1258.89, 1246.30, 1220.92, 1233.72, 1261.45, 1298.93, 1370.62, 1387.11, 1429.42, 1447.13, 1463.98, 1482.62, 1511.25, 1515.57, 1543.93, 1562.48, 1593.04, 1592.00, 1597.02, 1539.18, ],
[1431.20, 1413.11, 1408.35, 1410.05, 1410.58, 1389.23, 1395.25, 1411.20, 1380.29, 1392.75, 1410.66, 1428.78, 1396.70, 1387.73, 1364.72, 1411.50, 1415.27, 1396.12, 1359.78, 1375.43, 1353.60, 1469.23, 1415.72, 1409.01, 1413.06, 1437.65, 1427.37, 1441.66, 1518.42, 1385.05, 1428.89, 1418.95, ],
[1409.98, 1408.64, 1405.47, 1410.82, 1406.46, 1433.49, 1397.15, 1404.54, 1406.23, 1402.71, 1397.36, 1397.83, 1400.07, 1438.55, 1394.61, 1395.79, 1387.53, 1425.29, 1424.35, 1398.35, 1381.72, 1417.79, 1384.08, 1392.80, 1381.75, 1476.00, 1427.00, 1396.07, 1378.93, 1389.94, 1401.75, 1394.46, ],
[1394.73, 1394.25, 1413.83, 1410.86, 1427.51, 1402.12, 1407.53, 1409.40, 1421.09, 1402.87, 1399.12, 1387.60, 1393.05, 1388.78, 1400.48, 1382.49, 1404.92, 1386.35, 1388.66, 1383.92, 1392.37, 1378.69, 1387.94, 1376.71, 1372.55, 1371.52, 1359.60, 1335.95, 1336.03, 1313.47, 1315.57, 1289.18, ],
[1205.84, 1195.85, 1187.87, 1232.04, 1181.11, 1188.56, 1194.28, 1190.06, 1190.91, 1199.77, 1198.61, 1224.24, 1208.06, 1216.40, 1216.06, 1226.61, 1184.05, 1186.13, 1179.70, 1181.39, 1178.89, 1178.00, 1186.67, 1185.65, 1183.81, 1204.78, 1195.90, 1205.96, 1205.53, 1225.42, 1219.27, 1228.24, ],
[1264.94, 1267.37, 1265.21, 1259.32, 1262.05, 1265.02, 1259.75, 1252.59, 1321.79, 1264.13, 1259.13, 1250.20, 1259.76, 1256.69, 1270.89, 1266.25, 1260.48, 1264.89, 1260.44, 1278.85, 1287.26, 1267.79, 1264.73, 1254.10, 1293.88, 1287.81, 1287.53, 1270.98, 1305.39, 1298.78, 1315.85, 1340.62, ],
[1353.16, 1351.68, 1351.36, 1364.03, 1352.72, 1359.28, 1357.62, 1354.27, 1353.95, 1358.66, 1353.39, 1360.27, 1364.64, 1368.34, 1355.01, 1390.96, 1355.40, 1348.24, 1349.06, 1360.72, 1348.51, 1347.94, 1351.20, 1353.52, 1348.06, 1366.62, 1351.35, 1353.80, 1346.92, 1354.51, 1345.51, 1347.46, ],
[1355.92, 1326.64, 1339.76, 1340.14, 1346.71, 1335.50, 1335.02, 1345.17, 1345.13, 1348.36, 1333.51, 1331.04, 1326.64, 1333.02, 1331.64, 1306.89, 1311.11, 1298.58, 1310.60, 1294.24, 1299.09, 1293.01, 1293.11, 1287.63, 1287.25, 1289.56, 1284.94, 1279.97, 1284.82, 1288.97, 1284.44, 1280.04, ],
[1327.52, 1330.72, 1345.24, 1333.48, 1344.51, 1337.99, 1333.15, 1330.51, 1332.27, 1338.17, 1327.65, 1328.87, 1346.61, 1333.99, 1321.61, 1354.30, 1369.60, 1329.75, 1319.01, 1346.76, 1327.73, 1329.49, 1328.63, 1333.47, 1324.30, 1326.29, 1323.08, 1326.16, 1326.28, 1334.01, 1322.15, 1333.38, ],
[1306.40, 1306.37, 1344.01, 1311.01, 1308.83, 1312.20, 1323.13, 1341.63, 1314.10, 1311.37, 1329.33, 1316.38, 1304.51, 1349.48, 1336.02, 1326.31, 1308.33, 1300.02, 1313.73, 1362.11, 1373.07, 1337.78, 1303.48, 1310.74, 1304.06, 1333.72, 1325.14, 1318.75, 1305.95, 1353.90, 1317.88, 1303.44, ],
[1315.11, 1315.80, 1302.94, 1315.70, 1305.82, 1293.84, 1295.53, 1326.44, 1292.36, 1289.71, 1287.85, 1285.09, 1291.00, 1291.81, 1279.08, 1288.79, 1289.20, 1279.55, 1280.43, 1284.20, 1283.52, 1278.73, 1280.70, 1280.53, 1282.89, 1273.13, 1282.41, 1285.15, 1280.94, 1277.13, 1289.42, 1281.15, ],
[1257.10, 1273.13, 1264.73, 1278.64, 1288.86, 1267.14, 1258.36, 1276.62, 1257.71, 1256.53, 1259.46, 1267.56, 1256.60, 1261.72, 1261.49, 1266.76, 1268.56, 1276.97, 1260.99, 1265.46, 1258.77, 1266.17, 1266.10, 1271.45, 1279.78, 1270.86, 1267.75, 1266.01, 1268.15, 1268.02, 1262.09, 1283.94, ],
[1276.13, 1266.76, 1301.73, 1271.22, 1273.53, 1268.54, 1266.80, 1262.58, 1271.60, 1275.77, 1271.30, 1273.01, 1275.31, 1268.39, 1267.03, 1257.93, 1269.23, 1279.91, 1294.36, 1258.76, 1266.35, 1253.17, 1255.36, 1264.64, 1293.08, 1267.64, 1278.17, 1258.85, 1265.63, 1258.68, 1266.13, 1265.41, ],
[1268.20, 1280.52, 1280.94, 1288.14, 1286.33, 1300.90, 1292.52, 1304.03, 1296.42, 1316.81, 1315.75, 1325.35, 1331.12, 1347.88, 1347.85, 1353.16, 1351.28, 1363.17, 1365.60, 1364.05, 1356.38, 1360.84, 1367.40, 1354.48, 1347.65, 1349.28, 1344.02, 1353.20, 1346.49, 1359.01, 1355.93, 1360.19, ],
[1334.83, 1323.98, 1336.12, 1365.05, 1342.45, 1337.23, 1337.67, 1326.04, 1338.44, 1351.95, 1338.41, 1329.60, 1337.54, 1368.40, 1339.23, 1346.42, 1345.65, 1340.23, 1363.73, 1328.77, 1328.21, 1348.44, 1336.44, 1335.34, 1348.49, 1318.00, 1332.41, 1325.66, 1323.91, 1323.77, 1341.16, 1325.85, ],
[1250.95, 1241.80, 1241.31, 1243.77, 1221.45, 1207.33, 1206.55, 1203.50, 1204.94, 1218.29, 1226.47, 1242.32, 1245.59, 1257.67, 1272.72, 1294.59, 1274.84, 1274.86, 1251.75, 1237.65, 1231.55, 1218.02, 1220.56, 1192.12, 1188.58, 1182.40, 1166.32, 1159.81, 1155.88, 1151.82, 1151.08, 1161.40, ],
[1134.80, 1143.52, 1111.82, 1121.34, 1104.64, 1098.75, 1104.97, 1106.51, 1093.77, 1088.19, 1107.57, 1086.55, 1106.72, 1089.86, 1087.44, 1105.76, 1107.88, 1094.60, 1090.01, 1131.64, 1112.52, 1091.70, 1112.52, 1118.92, 1130.44, 1102.87, 1099.71, 1095.78, 1101.70, 1099.78, 1094.80, 1105.51, ],
[1135.08, 1133.01, 1135.57, 1132.91, 1142.18, 1132.64, 1125.67, 1141.18, 1144.68, 1150.42, 1129.37, 1137.34, 1139.33, 1141.73, 1128.83, 1137.08, 1134.87, 1135.56, 1128.89, 1133.96, 1136.28, 1135.03, 1131.12, 1138.32, 1142.29, 1158.63, 1140.74, 1161.47, 1152.48, 1148.81, 1153.27, 1180.48, ],
[1131.32, 1130.77, 1135.48, 1126.97, 1161.27, 1125.13, 1138.70, 1144.51, 1136.95, 1196.74, 1169.68, 1179.14, 1180.89, 1133.72, 1171.32, 1217.17, 1149.77, 1139.87, 1186.49, 1142.15, 1142.75, 1141.32, 1145.82, 1225.86, 1149.93, 1140.76, 1194.18, 1200.94, 1142.23, 1144.50, 1152.53, 1204.01, ],
[1218.14, 1191.22, 1192.72, 1186.14, 1207.70, 1212.96, 1215.37, 1225.53, 1191.76, 1190.44, 1226.37, 1182.14, 1193.70, 1216.99, 1307.99, 1196.27, 1207.31, 1209.22, 1214.51, 1184.33, 1185.09, 1215.15, 1381.81, 1185.71, 1189.51, 1267.01, 1309.72, 1183.70, 1206.62, 1210.15, 1191.10, 1223.77, ],
[1212.40, 1173.47, 1174.20, 1187.74, 1201.85, 1200.61, 1169.54, 1170.00, 1167.50, 1168.23, 1177.98, 1180.13, 1165.51, 1174.05, 1167.15, 1179.55, 1183.86, 1179.54, 1183.89, 1189.78, 1187.66, 1226.32, 1174.50, 1196.58, 1257.81, 1188.03, 1181.05, 1189.65, 1176.53, 1229.54, 1189.68, 1184.65, ],
[1177.33, 1189.55, 1180.96, 1166.25, 1205.08, 1155.71, 1155.64, 1140.48, 1157.50, 1143.08, 1140.16, 1140.81, 1160.33, 1139.95, 1148.46, 1143.89, 1138.30, 1133.78, 1137.35, 1142.18, 1143.16, 1171.70, 1148.80, 1142.27, 1137.70, 1152.77, 1179.77, 1133.96, 1163.14, 1155.00, 1164.13, 1152.13, ],
[1159.20, 1217.80, 1214.95, 1167.02, 1190.31, 1174.78, 1174.91, 1168.54, 1164.90, 1167.32, 1166.86, 1193.50, 1209.76, 1173.16, 1174.27, 1175.28, 1168.22, 1172.37, 1170.86, 1178.56, 1167.57, 1198.63, 1162.04, 1189.32, 1163.93, 1180.62, 1166.74, 1179.24, 1171.73, 1195.72, 1163.60, 1180.68, ],
[1192.55, 1183.16, 1190.73, 1185.40, 1217.24, 1190.47, 1198.53, 1186.87, 1197.42, 1205.87, 1203.16, 1197.16, 1188.57, 1186.80, 1206.39, 1202.70, 1190.15, 1197.14, 1206.13, 1187.04, 1190.24, 1182.90, 1191.86, 1204.05, 1194.47, 1183.94, 1189.10, 1193.86, 1191.68, 1213.65, 1191.78, 1182.35, ],
[1194.21, 1173.77, 1172.84, 1218.91, 1189.18, 1199.69, 1186.73, 1201.37, 1202.15, 1188.69, 1168.64, 1174.27, 1166.09, 1175.02, 1177.66, 1176.45, 1187.64, 1202.22, 1174.52, 1180.59, 1182.09, 1176.63, 1175.18, 1172.21, 1186.73, 1174.80, 1166.65, 1172.49, 1168.85, 1176.49, 1165.85, 1172.15, ],
[1291.01, 1296.68, 1294.18, 1301.29, 1279.46, 1279.78, 1272.26, 1284.72, 1264.97, 1271.06, 1267.30, 1259.78, 1250.55, 1254.60, 1268.54, 1253.93, 1250.61, 1258.82, 1251.75, 1264.95, 1256.53, 1267.95, 1258.38, 1309.00, 1294.64, 1268.91, 1256.60, 1289.93, 1254.59, 1261.52, 1277.60, 1320.18, ],
[1252.76, 1258.77, 1251.57, 1263.47, 1252.64, 1243.75, 1264.17, 1245.68, 1306.89, 1240.49, 1256.95, 1235.65, 1279.07, 1242.16, 1235.93, 1246.58, 1234.98, 1235.76, 1233.59, 1229.76, 1249.91, 1239.92, 1229.79, 1216.93, 1220.04, 1214.98, 1213.13, 1207.63, 1213.10, 1207.11, 1208.98, 1206.14, ],
[1214.25, 1196.17, 1200.78, 1200.42, 1191.01, 1250.72, 1238.44, 1184.53, 1220.28, 1170.08, 1182.09, 1210.32, 1185.06, 1200.95, 1164.05, 1169.85, 1166.08, 1214.95, 1166.76, 1164.77, 1160.80, 1162.71, 1179.94, 1162.44, 1161.57, 1169.52, 1182.21, 1174.16, 1165.04, 1175.15, 1171.38, 1170.77, ],
[1157.88, 1179.94, 1145.19, 1180.78, 1235.40, 1181.53, 1306.31, 1187.32, 1217.80, 1230.86, 1243.36, 1251.42, 1277.93, 1362.84, 1319.86, 1340.78, 1350.26, 1352.32, 1316.51, 1340.97, 1356.12, 1380.28, 1324.73, 1379.54, 1369.34, 1362.55, 1372.92, 1336.35, 1387.30, 1343.67, 1356.61, 1354.96, ],
[1324.54, 1305.94, 1306.40, 1314.47, 1299.37, 1307.16, 1291.06, 1307.85, 1291.46, 1298.13, 1294.53, 1306.62, 1300.65, 1301.24, 1315.02, 1305.46, 1321.06, 1320.25, 1298.63, 1310.68, 1292.11, 1298.77, 1287.60, 1300.11, 1286.45, 1291.12, 1297.62, 1304.56, 1285.64, 1300.45, 1340.56, 1293.50, ],
[1277.15, 1270.43, 1271.59, 1259.54, 1277.31, 1270.93, 1268.55, 1266.00, 1277.55, 1282.34, 1270.93, 1267.98, 1285.72, 1275.64, 1270.90, 1271.07, 1271.87, 1266.51, 1268.29, 1267.65, 1270.82, 1262.21, 1277.33, 1269.95, 1271.04, 1262.07, 1269.36, 1284.17, 1267.05, 1275.49, 1281.66, 1263.00, ],
[1276.90, 1287.66, 1263.98, 1279.39, 1273.43, 1267.34, 1280.71, 1261.54, 1256.19, 1267.92, 1250.23, 1270.82, 1259.17, 1253.95, 1261.85, 1237.35, 1232.45, 1232.98, 1208.56, 1206.26, 1196.37, 1194.30, 1200.06, 1193.13, 1183.45, 1189.46, 1182.57, 1184.15, 1178.06, 1179.80, 1179.30, 1178.65, ],
[1210.68, 1194.14, 1207.42, 1229.02, 1198.78, 1195.78, 1205.04, 1194.88, 1197.92, 1198.04, 1201.00, 1199.63, 1205.40, 1191.73, 1194.50, 1193.16, 1193.12, 1186.26, 1195.63, 1192.71, 1187.61, 1184.86, 1193.75, 1181.29, 1190.70, 1186.05, 1202.15, 1199.89, 1183.46, 1194.07, 1181.36, 1177.02, ],
[1210.43, 1207.08, 1212.49, 1199.72, 1207.52, 1206.47, 1205.98, 1210.72, 1196.20, 1212.89, 1200.99, 1206.87, 1210.14, 1210.05, 1204.33, 1214.82, 1207.96, 1212.34, 1210.07, 1214.73, 1208.92, 1214.88, 1216.28, 1218.80, 1224.70, 1223.66, 1232.27, 1251.89, 1213.52, 1224.32, 1232.28, 1224.99, ],
[1203.45, 1197.16, 1207.13, 1219.52, 1191.50, 1197.73, 1195.78, 1226.79, 1196.68, 1205.51, 1189.11, 1197.57, 1219.43, 1228.20, 1192.07, 1195.93, 1195.39, 1197.52, 1192.90, 1222.50, 1187.49, 1196.98, 1191.09, 1202.46, 1190.86, 1196.91, 1199.96, 1207.68, 1195.18, 1200.93, 1198.62, 1206.07, ],
[1174.36, 1173.63, 1177.97, 1183.72, 1194.53, 1197.62, 1210.37, 1213.98, 1199.98, 1204.33, 1209.79, 1215.29, 1215.19, 1214.55, 1237.01, 1225.04, 1224.05, 1227.75, 1229.10, 1235.14, 1246.83, 1240.37, 1260.00, 1272.25, 1255.89, 1256.29, 1252.58, 1238.11, 1239.72, 1225.52, 1221.63, 1209.43, ],
[1171.11, 1183.40, 1178.62, 1198.58, 1181.42, 1177.96, 1174.32, 1181.60, 1165.89, 1179.36, 1177.37, 1173.67, 1172.99, 1177.64, 1173.91, 1176.25, 1176.54, 1182.10, 1166.21, 1172.84, 1170.37, 1172.17, 1170.85, 1173.06, 1164.82, 1174.73, 1164.04, 1169.94, 1164.12, 1172.14, 1163.32, 1173.13, ],
[1167.53, 1186.59, 1175.68, 1163.96, 1169.78, 1166.16, 1175.54, 1170.59, 1175.61, 1165.26, 1174.37, 1168.10, 1173.93, 1169.74, 1172.13, 1165.99, 1183.79, 1179.98, 1186.92, 1165.11, 1169.29, 1168.91, 1170.30, 1175.63, 1171.01, 1173.42, 1168.25, 1172.19, 1165.01, 1163.46, 1163.28, 1175.31, ],
[1251.47, 1258.07, 1248.65, 1263.62, 1243.82, 1255.98, 1249.74, 1256.81, 1245.87, 1255.93, 1250.40, 1257.05, 1245.37, 1257.06, 1247.53, 1256.10, 1250.39, 1255.56, 1243.60, 1253.38, 1245.35, 1253.55, 1248.41, 1253.33, 1246.44, 1255.10, 1270.20, 1257.49, 1255.53, 1264.50, 1256.06, 1257.45, ],
[1303.53, 1312.08, 1310.83, 1293.53, 1302.76, 1301.67, 1297.07, 1293.95, 1291.15, 1288.27, 1291.43, 1288.33, 1287.91, 1281.85, 1291.11, 1290.14, 1287.35, 1285.27, 1290.37, 1287.34, 1288.48, 1289.58, 1291.89, 1285.31, 1289.26, 1279.32, 1293.33, 1283.19, 1304.61, 1278.23, 1294.30, 1283.24, ],
[1301.68, 1300.54, 1315.33, 1297.27, 1290.93, 1307.29, 1332.02, 1366.70, 1272.24, 1291.35, 1301.72, 1316.07, 1278.30, 1287.61, 1291.58, 1274.61, 1275.26, 1308.02, 1278.69, 1328.97, 1298.94, 1317.96, 1292.13, 1273.88, 1299.22, 1298.32, 1290.11, 1291.26, 1286.45, 1325.12, 1341.84, 1326.10, ],
[1297.33, 1301.86, 1302.88, 1303.72, 1310.62, 1318.01, 1320.73, 1315.02, 1321.98, 1316.30, 1300.98, 1291.69, 1281.67, 1269.22, 1245.13, 1221.19, 1199.42, 1176.23, 1157.54, 1148.03, 1132.61, 1135.72, 1143.48, 1165.90, 1188.10, 1209.14, 1220.21, 1244.05, 1256.98, 1272.88, 1268.67, 1288.37, ],
[1190.33, 1196.04, 1202.49, 1190.83, 1184.70, 1187.06, 1191.53, 1201.23, 1200.96, 1201.13, 1213.73, 1210.64, 1200.30, 1195.33, 1188.77, 1197.94, 1188.49, 1231.58, 1220.02, 1187.59, 1206.36, 1193.19, 1188.97, 1190.67, 1189.59, 1195.49, 1204.81, 1197.02, 1202.99, 1191.90, 1193.07, 1205.39, ],
[1216.46, 1236.92, 1218.92, 1243.79, 1226.49, 1229.59, 1237.97, 1237.89, 1233.69, 1229.09, 1233.05, 1257.63, 1261.90, 1240.68, 1226.29, 1233.00, 1245.15, 1255.66, 1222.20, 1235.30, 1238.34, 1232.64, 1228.65, 1238.29, 1227.31, 1232.55, 1222.66, 1240.05, 1224.30, 1225.60, 1213.80, 1225.23, ],
[1219.31, 1222.65, 1212.50, 1245.77, 1232.32, 1220.06, 1210.22, 1206.21, 1204.73, 1213.47, 1212.19, 1199.17, 1209.17, 1214.29, 1201.72, 1193.75, 1204.10, 1198.09, 1188.39, 1188.99, 1196.21, 1216.30, 1194.48, 1193.88, 1198.81, 1225.24, 1253.36, 1197.02, 1206.47, 1208.79, 1230.46, 1214.21, ],
[1215.93, 1231.86, 1234.12, 1240.34, 1321.48, 1262.49, 1202.55, 1225.44, 1211.32, 1223.99, 1209.60, 1232.49, 1251.38, 1258.47, 1210.96, 1250.76, 1214.80, 1233.19, 1220.70, 1218.66, 1237.76, 1217.65, 1233.70, 1252.91, 1223.82, 1259.57, 1252.41, 1242.15, 1253.28, 1247.27, 1239.17, 1281.07, ],
[1266.36, 1243.07, 1242.79, 1255.97, 1246.30, 1249.45, 1250.67, 1226.65, 1255.23, 1219.55, 1233.70, 1207.00, 1239.46, 1207.32, 1237.48, 1207.63, 1248.68, 1253.21, 1233.31, 1239.41, 1227.37, 1214.42, 1211.00, 1205.45, 1211.86, 1221.61, 1236.68, 1202.22, 1243.32, 1211.59, 1262.94, 1254.39, ],
[1559.82, 1356.32, 1221.35, 1300.96, 1262.20, 1245.07, 1277.85, 1235.12, 1324.13, 1220.78, 1380.05, 1254.79, 1292.45, 1274.88, 1270.93, 1229.89, 1219.61, 1267.99, 1223.68, 1242.80, 1291.62, 1231.10, 1265.01, 1221.25, 1235.08, 1233.53, 1305.44, 1321.50, 1259.60, 1353.73, 1250.29, 1274.06, ],
[1217.71, 1207.82, 1218.10, 1216.85, 1218.53, 1209.11, 1221.68, 1225.71, 1235.11, 1215.85, 1222.94, 1212.73, 1247.79, 1220.09, 1214.22, 1217.62, 1216.67, 1231.87, 1275.21, 1246.58, 1242.64, 1233.64, 1219.59, 1220.95, 1264.90, 1232.39, 1230.54, 1228.54, 1272.88, 1227.98, 1247.37, 1254.80, ],
[1214.86, 1209.21, 1219.50, 1205.81, 1208.54, 1208.25, 1214.75, 1203.45, 1210.94, 1203.49, 1231.27, 1213.91, 1216.77, 1209.42, 1211.95, 1210.45, 1219.93, 1209.07, 1210.43, 1210.17, 1223.28, 1205.08, 1216.45, 1206.89, 1213.18, 1205.63, 1209.49, 1210.29, 1219.26, 1225.50, 1211.63, 1214.24, ],
[1211.74, 1209.48, 1196.03, 1201.06, 1202.36, 1206.96, 1210.23, 1207.35, 1204.63, 1208.22, 1205.26, 1205.99, 1204.56, 1209.22, 1213.73, 1213.20, 1215.96, 1211.52, 1198.92, 1205.07, 1194.02, 1198.52, 1198.66, 1209.95, 1214.99, 1213.54, 1215.80, 1216.89, 1205.01, 1213.60, 1221.85, 1212.08, ],
[1238.39, 1224.47, 1233.41, 1232.90, 1223.78, 1243.48, 1223.61, 1232.85, 1233.57, 1229.02, 1213.99, 1227.54, 1223.58, 1210.27, 1222.33, 1230.67, 1216.55, 1210.55, 1218.43, 1208.52, 1222.47, 1222.09, 1217.08, 1213.90, 1209.12, 1210.22, 1238.63, 1209.96, 1244.10, 1231.44, 1240.52, 1277.75, ],
[1213.03, 1225.94, 1216.30, 1227.03, 1232.83, 1239.68, 1212.42, 1214.73, 1211.73, 1220.76, 1209.36, 1216.77, 1210.42, 1228.10, 1218.45, 1211.65, 1230.48, 1220.15, 1207.71, 1221.91, 1202.83, 1222.82, 1215.93, 1232.31, 1208.43, 1230.32, 1212.97, 1245.26, 1206.20, 1228.05, 1229.57, 1208.25, ],
[1259.99, 1253.96, 1248.99, 1230.56, 1274.12, 1215.27, 1218.50, 1214.57, 1246.54, 1211.91, 1210.91, 1211.66, 1234.58, 1200.00, 1204.31, 1196.58, 1194.13, 1189.96, 1193.42, 1188.89, 1199.40, 1205.86, 1195.20, 1211.87, 1227.50, 1190.97, 1204.98, 1193.93, 1206.81, 1190.30, 1190.04, 1192.01, ],
[1304.60, 1243.06, 1198.14, 1245.06, 1243.28, 1208.87, 1206.42, 1208.94, 1216.99, 1216.17, 1227.24, 1217.38, 1207.40, 1223.67, 1235.80, 1224.49, 1228.94, 1227.87, 1230.51, 1245.42, 1222.04, 1271.31, 1256.23, 1238.78, 1228.45, 1246.98, 1235.85, 1226.78, 1239.00, 1230.05, 1236.94, 1237.86, ],
# === Voice data end ===


[1221.03, 1236.14, 1226.22, 1253.60, 1313.80, 1231.04, 1304.09, 1288.55, 1228.01, 1248.72, 1245.25, 1238.75, 1243.26, 1237.49, 1239.78, 1242.95, 1249.03, 1245.88, 1247.31, 1249.59, 1232.11, 1257.11, 1258.24, 1256.13, 1231.95, 1251.40, 1236.34, 1240.86, 1242.87, 1235.44, 1236.67, 1244.56, ],
[1141.65, 972.83, 952.17, 1017.03, 1060.91, 1070.09, 1072.84, 1063.23, 1044.19, 1022.77, 1017.56, 995.12, 983.44, 877.02, 830.94, 797.85, 781.35, 807.74, 825.33, 896.87, 965.08, 965.57, 1003.36, 977.92, 857.47, 721.02, 608.45, 530.90, 526.70, 581.44, 601.01, 638.80, ],
[1367.52, 1433.64, 1304.28, 1304.68, 1376.81, 1402.18, 1474.06, 1286.02, 1191.67, 1294.25, 1413.24, 1335.53, 1409.84, 1380.93, 1334.42, 1368.29, 1356.49, 1347.85, 1319.67, 1379.01, 1434.51, 1494.83, 1510.88, 1360.91, 1339.29, 1376.78, 1381.93, 1444.99, 1438.43, 1381.23, 1344.66, 1442.38, ],
[1335.21, 1331.47, 1351.16, 1356.97, 1347.65, 1373.88, 1349.19, 1428.40, 1474.91, 1394.53, 1348.30, 1334.31, 1361.39, 1367.85, 1393.05, 1359.28, 1376.26, 1412.58, 1376.80, 1351.92, 1353.48, 1444.98, 1403.87, 1359.66, 1387.47, 1354.25, 1362.79, 1361.42, 1374.47, 1359.24, 1377.36, 1371.19, ],
[1361.88, 1398.55, 1358.04, 1404.64, 1361.60, 1360.24, 1353.87, 1384.44, 1393.83, 1353.96, 1362.60, 1357.82, 1364.27, 1392.77, 1515.35, 1476.48, 1369.02, 1574.46, 1594.07, 1382.86, 1353.79, 1848.36, 1709.47, 1393.37, 1350.66, 1412.29, 1399.29, 1587.07, 1385.30, 1355.35, 1404.07, 1415.76, ],
[1351.82, 1357.99, 1351.23, 1362.72, 1369.97, 1387.74, 1472.55, 1371.27, 1369.89, 1401.75, 1355.86, 1351.05, 1342.70, 1353.21, 1355.14, 1381.75, 1356.74, 1354.79, 1349.14, 1356.83, 1362.80, 1349.63, 1346.87, 1349.80, 1361.96, 1356.11, 1350.90, 1364.76, 1372.28, 1347.81, 1349.12, 1351.41, ],
[1362.18, 1362.72, 1359.55, 1361.63, 1368.03, 1369.86, 1374.04, 1363.89, 1361.58, 1362.33, 1360.34, 1361.74, 1370.25, 1362.51, 1362.49, 1363.93, 1362.70, 1360.02, 1359.08, 1365.07, 1370.28, 1360.95, 1360.31, 1362.82, 1360.74, 1361.02, 1364.64, 1367.99, 1374.90, 1364.70, 1360.85, 1362.66, ],
[1357.66, 1349.75, 1353.79, 1343.12, 1353.50, 1347.54, 1386.83, 1364.39, 1351.02, 1345.18, 1351.47, 1349.15, 1365.36, 1347.41, 1378.42, 1348.08, 1355.06, 1347.28, 1354.23, 1353.81, 1365.06, 1369.13, 1363.12, 1375.18, 1372.66, 1362.26, 1372.52, 1384.81, 1356.39, 1347.81, 1368.13, 1351.74, ],
[1358.91, 1346.19, 1361.05, 1348.47, 1360.18, 1350.87, 1358.45, 1350.61, 1359.12, 1348.34, 1371.44, 1371.15, 1364.21, 1367.33, 1400.84, 1399.17, 1383.99, 1352.17, 1359.95, 1366.96, 1403.73, 1362.83, 1353.96, 1393.54, 1413.65, 1353.50, 1356.93, 1361.71, 1378.38, 1362.40, 1366.49, 1348.55, ],
[1355.55, 1367.35, 1363.55, 1390.38, 1373.39, 1361.87, 1362.12, 1404.55, 1371.56, 1366.26, 1380.23, 1376.73, 1355.85, 1360.62, 1360.14, 1372.65, 1395.61, 1358.80, 1354.08, 1388.20, 1409.46, 1446.44, 1430.42, 1369.10, 1370.10, 1428.76, 1378.54, 1365.70, 1391.21, 1427.76, 1401.46, 1365.91, ],
[1353.75, 1348.42, 1352.85, 1351.89, 1351.54, 1349.44, 1360.07, 1357.11, 1376.00, 1360.99, 1352.50, 1345.82, 1354.59, 1371.20, 1381.22, 1349.62, 1356.39, 1349.99, 1349.67, 1344.81, 1348.26, 1363.94, 1361.73, 1352.76, 1349.33, 1357.55, 1355.69, 1351.97, 1361.86, 1350.05, 1351.34, 1361.73, ],
[1382.13, 1399.49, 1367.42, 1372.29, 1372.66, 1384.34, 1404.35, 1396.05, 1365.16, 1366.10, 1421.87, 1466.61, 1424.89, 1394.18, 1371.92, 1364.71, 1451.67, 1438.71, 1374.55, 1385.71, 1382.63, 1369.36, 1371.18, 1364.36, 1372.30, 1410.56, 1369.84, 1366.37, 1405.44, 1430.92, 1416.24, 1385.06, ],
[1371.31, 1380.23, 1358.68, 1364.88, 1355.98, 1365.16, 1367.10, 1367.05, 1371.19, 1374.44, 1363.86, 1363.57, 1356.29, 1363.70, 1361.59, 1357.09, 1361.91, 1362.37, 1381.21, 1393.76, 1373.37, 1362.70, 1358.62, 1368.55, 1354.81, 1362.84, 1357.58, 1364.06, 1356.89, 1359.49, 1352.75, 1362.41, ],
[1387.55, 1358.57, 1372.97, 1355.92, 1380.98, 1355.93, 1372.81, 1359.49, 1372.31, 1356.07, 1372.27, 1359.09, 1363.80, 1361.42, 1363.13, 1361.85, 1373.22, 1364.07, 1375.54, 1356.63, 1359.79, 1361.44, 1362.10, 1355.54, 1362.47, 1377.57, 1389.35, 1386.06, 1379.69, 1359.09, 1388.77, 1356.24, ],
[1375.02, 1367.40, 1361.38, 1373.91, 1367.01, 1364.26, 1359.88, 1365.93, 1357.06, 1363.89, 1359.01, 1377.81, 1358.44, 1365.81, 1363.31, 1373.19, 1354.84, 1365.53, 1354.50, 1363.70, 1359.42, 1364.67, 1356.91, 1364.13, 1360.59, 1359.08, 1359.57, 1366.13, 1357.87, 1371.56, 1357.79, 1371.97, ],
[1359.83, 1361.56, 1361.56, 1372.77, 1365.17, 1356.84, 1364.50, 1358.26, 1362.29, 1364.27, 1393.21, 1354.91, 1368.24, 1364.04, 1403.68, 1371.22, 1361.12, 1361.92, 1383.62, 1368.73, 1358.06, 1352.11, 1360.02, 1354.96, 1356.54, 1359.14, 1373.23, 1368.05, 1398.01, 1373.67, 1360.37, 1361.82, ],
[1384.62, 1389.81, 1386.63, 1406.63, 1405.61, 1394.26, 1381.22, 1400.93, 1411.75, 1381.70, 1414.14, 1419.26, 1417.99, 1409.58, 1388.23, 1388.36, 1422.50, 1383.77, 1400.77, 1412.31, 1392.51, 1387.89, 1371.59, 1376.72, 1370.09, 1371.63, 1370.72, 1395.55, 1373.01, 1369.49, 1367.43, 1443.15, ],
[1364.58, 1359.97, 1369.70, 1369.93, 1374.63, 1361.03, 1365.10, 1361.33, 1363.60, 1378.99, 1366.70, 1364.61, 1369.29, 1375.66, 1375.32, 1367.87, 1365.34, 1369.34, 1367.00, 1358.91, 1365.23, 1360.64, 1365.89, 1359.12, 1362.91, 1357.29, 1366.20, 1361.07, 1371.28, 1363.15, 1370.57, 1367.19, ],
[1385.88, 1369.43, 1363.93, 1359.78, 1382.09, 1394.39, 1362.80, 1366.70, 1362.09, 1407.22, 1381.13, 1367.13, 1367.57, 1371.08, 1384.03, 1364.64, 1375.32, 1359.07, 1371.10, 1372.24, 1363.43, 1362.23, 1364.42, 1357.41, 1366.66, 1361.32, 1363.31, 1364.74, 1366.58, 1354.62, 1372.72, 1378.05, ],
[1377.76, 1374.48, 1364.82, 1366.67, 1359.02, 1372.55, 1368.72, 1368.32, 1373.61, 1373.83, 1369.76, 1378.50, 1413.10, 1391.16, 1367.86, 1383.27, 1379.73, 1387.50, 1370.36, 1370.79, 1372.62, 1406.91, 1370.10, 1377.91, 1363.17, 1375.37, 1364.67, 1376.71, 1370.23, 1405.88, 1368.14, 1373.13, ],
[1361.66, 1363.09, 1376.15, 1367.50, 1358.02, 1362.28, 1363.09, 1360.89, 1382.51, 1358.67, 1362.46, 1365.76, 1368.24, 1364.22, 1370.32, 1365.43, 1363.80, 1360.50, 1362.70, 1360.59, 1384.11, 1362.62, 1364.36, 1360.55, 1363.07, 1367.19, 1367.78, 1367.85, 1365.32, 1361.07, 1377.11, 1359.81, ],
[1370.08, 1373.85, 1377.63, 1372.86, 1370.10, 1368.78, 1368.90, 1370.21, 1373.24, 1376.66, 1373.10, 1371.93, 1377.13, 1390.09, 1368.48, 1377.48, 1380.19, 1373.17, 1376.72, 1386.00, 1364.18, 1375.68, 1365.22, 1372.11, 1364.40, 1373.96, 1371.93, 1377.26, 1376.66, 1373.21, 1369.07, 1371.69, ],
[1364.86, 1367.78, 1366.98, 1362.64, 1365.36, 1356.29, 1366.20, 1387.29, 1362.37, 1360.77, 1373.90, 1372.96, 1365.06, 1362.97, 1376.93, 1363.27, 1363.68, 1362.59, 1366.46, 1367.20, 1374.07, 1357.51, 1362.63, 1361.29, 1361.76, 1373.00, 1359.41, 1356.15, 1365.52, 1362.10, 1367.44, 1362.23, ],
[1356.28, 1365.55, 1355.70, 1364.17, 1360.31, 1366.50, 1356.44, 1360.41, 1357.99, 1364.50, 1357.00, 1364.87, 1358.60, 1365.36, 1356.43, 1369.83, 1371.53, 1363.03, 1356.77, 1365.64, 1358.15, 1370.32, 1358.57, 1368.04, 1363.15, 1377.50, 1361.86, 1366.21, 1364.13, 1366.37, 1363.66, 1364.68, ],
[1368.74, 1367.68, 1362.65, 1367.48, 1369.05, 1377.56, 1370.89, 1371.32, 1373.60, 1368.22, 1368.90, 1374.39, 1365.16, 1368.08, 1365.88, 1365.99, 1363.65, 1368.66, 1367.20, 1374.67, 1362.50, 1365.17, 1362.46, 1369.53, 1364.12, 1372.63, 1372.32, 1375.73, 1373.56, 1374.49, 1377.61, 1372.92, ],
[1365.21, 1377.94, 1367.43, 1355.78, 1382.40, 1381.21, 1354.29, 1354.26, 1360.71, 1362.36, 1364.69, 1364.60, 1368.41, 1375.96, 1369.16, 1353.77, 1359.33, 1374.55, 1369.75, 1353.47, 1363.87, 1380.39, 1363.09, 1358.90, 1359.71, 1361.59, 1366.60, 1359.25, 1363.31, 1363.04, 1380.01, 1355.32, ],
[1354.37, 1365.60, 1356.53, 1373.66, 1358.10, 1363.93, 1361.07, 1372.28, 1355.28, 1364.19, 1354.64, 1371.02, 1356.36, 1360.81, 1353.47, 1365.64, 1365.30, 1367.81, 1359.24, 1364.65, 1358.34, 1365.90, 1360.38, 1366.60, 1360.91, 1374.16, 1354.72, 1363.63, 1361.68, 1364.71, 1357.61, 1369.77, ],
[1362.94, 1354.03, 1374.91, 1354.21, 1361.44, 1367.56, 1414.18, 1359.21, 1375.81, 1361.71, 1365.89, 1365.37, 1388.21, 1359.51, 1371.32, 1358.62, 1369.87, 1356.64, 1371.54, 1358.74, 1379.58, 1361.76, 1361.99, 1454.66, 1365.65, 1364.81, 1366.77, 1352.16, 1417.82, 1363.13, 1382.76, 1367.39, ],
[1378.70, 1372.72, 1361.32, 1370.72, 1365.43, 1368.46, 1366.48, 1366.64, 1358.12, 1364.48, 1359.02, 1370.85, 1387.39, 1372.80, 1366.44, 1374.60, 1370.35, 1391.04, 1382.98, 1396.81, 1362.68, 1364.75, 1364.00, 1373.12, 1374.33, 1370.28, 1365.37, 1370.06, 1360.67, 1376.59, 1381.02, 1368.62, ],
[1374.21, 1386.82, 1379.07, 1372.58, 1370.03, 1386.88, 1368.83, 1371.30, 1370.55, 1373.54, 1369.19, 1371.00, 1373.14, 1392.84, 1395.04, 1375.13, 1370.76, 1372.16, 1411.36, 1395.40, 1399.01, 1391.20, 1394.26, 1374.21, 1370.49, 1388.39, 1379.22, 1374.44, 1374.84, 1396.66, 1426.83, 1392.78, ],
[1369.20, 1371.34, 1364.24, 1364.60, 1364.75, 1357.78, 1361.78, 1365.29, 1362.01, 1364.36, 1365.70, 1379.20, 1363.26, 1360.59, 1383.88, 1361.96, 1363.11, 1364.42, 1360.48, 1360.52, 1368.37, 1362.12, 1361.41, 1359.80, 1360.20, 1362.75, 1361.65, 1367.78, 1371.88, 1361.97, 1357.19, 1361.16, ],
[1361.09, 1370.63, 1363.33, 1368.33, 1377.81, 1367.31, 1362.11, 1367.78, 1366.83, 1366.31, 1359.04, 1369.21, 1359.36, 1365.79, 1372.45, 1368.46, 1399.93, 1372.05, 1361.41, 1369.38, 1360.38, 1380.58, 1360.42, 1370.41, 1380.80, 1367.97, 1372.00, 1367.89, 1361.58, 1404.90, 1374.64, 1387.82, ],
[1380.32, 1486.10, 1421.17, 1418.73, 1458.78, 1465.12, 1525.94, 1741.77, 1392.24, 1531.45, 1431.39, 1445.75, 1381.53, 1363.38, 1396.67, 1361.68, 1373.10, 1374.28, 1394.94, 1364.72, 1385.11, 1374.42, 1431.86, 1386.83, 1385.91, 1443.37, 1403.58, 1419.56, 1378.01, 1387.54, 1431.65, 1361.91, ],
[1482.90, 1365.01, 1445.50, 1381.97, 1414.17, 1379.49, 1369.04, 1392.62, 1373.70, 1402.19, 1389.76, 1364.80, 1386.52, 1376.67, 1380.93, 1365.14, 1432.21, 1394.68, 1412.99, 1363.85, 1380.84, 1377.58, 1369.88, 1365.72, 1392.32, 1401.16, 1362.90, 1380.53, 1373.35, 1369.67, 1361.44, 1381.44, ],
[1382.97, 1380.43, 1377.71, 1376.44, 1373.11, 1376.19, 1369.96, 1373.70, 1374.43, 1370.63, 1370.36, 1370.28, 1372.84, 1370.29, 1374.07, 1387.88, 1418.61, 1379.31, 1374.34, 1371.31, 1371.85, 1384.45, 1369.73, 1378.38, 1381.79, 1384.91, 1378.30, 1365.22, 1370.82, 1378.05, 1371.57, 1389.92, ],
[1356.87, 1372.44, 1365.37, 1369.38, 1367.99, 1369.01, 1380.27, 1368.50, 1361.60, 1363.83, 1377.83, 1374.04, 1361.39, 1362.25, 1394.88, 1369.95, 1369.90, 1365.68, 1370.44, 1371.14, 1363.94, 1379.02, 1360.56, 1367.78, 1360.67, 1363.74, 1363.44, 1361.56, 1370.36, 1364.13, 1374.17, 1376.23, ],
[1364.19, 1366.48, 1364.52, 1373.99, 1367.64, 1367.42, 1366.47, 1373.60, 1384.40, 1391.97, 1369.46, 1372.58, 1371.42, 1375.77, 1361.43, 1372.59, 1368.81, 1370.85, 1363.78, 1371.69, 1363.04, 1370.44, 1375.56, 1382.01, 1378.13, 1368.85, 1362.07, 1373.65, 1380.49, 1386.62, 1368.48, 1368.50, ],
[1376.80, 1368.37, 1375.84, 1374.30, 1378.22, 1370.00, 1383.97, 1374.11, 1380.83, 1374.45, 1372.10, 1371.55, 1373.36, 1368.50, 1408.82, 1372.43, 1371.18, 1366.46, 1406.58, 1372.59, 1378.42, 1375.28, 1384.02, 1368.56, 1385.62, 1367.42, 1404.57, 1370.58, 1381.09, 1380.96, 1389.66, 1368.56, ],
[1378.84, 1368.94, 1376.37, 1374.96, 1380.58, 1412.58, 1388.86, 1375.65, 1378.81, 1394.94, 1367.61, 1380.70, 1374.11, 1385.15, 1374.09, 1368.95, 1367.25, 1379.00, 1379.19, 1375.83, 1374.25, 1387.00, 1372.43, 1378.89, 1373.16, 1368.63, 1414.80, 1377.21, 1366.09, 1371.65, 1373.43, 1373.43, ],
[1385.11, 1371.83, 1378.45, 1377.78, 1383.85, 1375.91, 1381.72, 1377.82, 1383.85, 1378.95, 1378.09, 1376.06, 1385.78, 1373.12, 1386.71, 1375.36, 1377.73, 1390.19, 1377.81, 1382.41, 1378.56, 1382.85, 1378.42, 1377.00, 1390.37, 1409.39, 1384.25, 1378.75, 1381.33, 1399.26, 1379.27, 1384.56, ],
[1358.67, 1382.09, 1397.91, 1372.00, 1381.24, 1377.95, 1366.28, 1392.73, 1375.05, 1369.59, 1364.69, 1363.80, 1367.21, 1366.15, 1362.81, 1377.02, 1363.93, 1370.52, 1389.41, 1368.48, 1360.40, 1390.24, 1390.99, 1372.95, 1367.51, 1393.06, 1362.73, 1374.38, 1362.93, 1364.46, 1366.47, 1366.64, ],
[1374.53, 1387.14, 1362.90, 1375.72, 1363.52, 1375.57, 1404.96, 1368.68, 1368.36, 1380.90, 1363.67, 1382.58, 1368.37, 1371.77, 1373.17, 1378.02, 1378.89, 1375.25, 1366.64, 1383.90, 1366.74, 1390.40, 1372.54, 1383.72, 1373.35, 1382.41, 1367.04, 1376.89, 1372.50, 1373.43, 1371.57, 1379.45, ],
[1386.62, 1407.03, 1395.95, 1379.75, 1401.70, 1384.18, 1388.90, 1392.56, 1395.37, 1404.01, 1398.76, 1383.39, 1398.13, 1385.80, 1392.00, 1380.75, 1383.95, 1405.16, 1392.75, 1392.36, 1390.22, 1376.54, 1390.53, 1383.24, 1396.58, 1374.50, 1387.54, 1398.39, 1387.01, 1378.97, 1393.65, 1388.34, ],
[1380.60, 1385.85, 1387.60, 1378.05, 1378.01, 1415.13, 1377.99, 1376.29, 1373.78, 1383.79, 1372.29, 1378.78, 1373.29, 1412.37, 1403.92, 1378.73, 1377.23, 1379.01, 1374.21, 1386.09, 1387.78, 1373.13, 1376.87, 1387.52, 1386.56, 1388.10, 1396.40, 1395.21, 1396.52, 1403.85, 1433.05, 1428.96, ],
[1378.90, 1378.41, 1384.85, 1378.71, 1418.12, 1376.64, 1381.10, 1376.83, 1389.79, 1388.54, 1387.47, 1381.19, 1380.88, 1376.75, 1381.92, 1386.21, 1380.86, 1401.53, 1395.58, 1377.06, 1389.06, 1393.36, 1381.85, 1387.42, 1398.53, 1378.18, 1400.27, 1409.29, 1395.83, 1379.29, 1410.13, 1384.96, ],
[1385.50, 1382.23, 1376.83, 1402.43, 1389.77, 1381.05, 1382.98, 1389.38, 1387.34, 1391.43, 1392.31, 1424.99, 1377.86, 1434.89, 1369.50, 1391.67, 1367.26, 1390.21, 1395.39, 1400.16, 1401.82, 1401.15, 1370.27, 1373.17, 1376.84, 1376.89, 1373.52, 1376.91, 1420.88, 1378.97, 1388.35, 1378.57, ],
[1381.67, 1371.29, 1385.82, 1402.65, 1395.06, 1376.98, 1381.58, 1373.82, 1379.98, 1385.73, 1381.22, 1383.59, 1383.54, 1394.80, 1386.07, 1383.80, 1380.53, 1386.58, 1392.23, 1379.78, 1383.27, 1382.68, 1387.78, 1386.22, 1405.66, 1383.56, 1385.16, 1395.19, 1381.18, 1383.35, 1390.01, 1373.89, ],
[1383.05, 1393.21, 1421.73, 1381.93, 1389.25, 1395.19, 1387.57, 1377.22, 1398.63, 1383.84, 1382.25, 1382.95, 1416.61, 1376.17, 1383.92, 1379.77, 1381.90, 1377.31, 1383.62, 1381.04, 1384.42, 1387.28, 1380.70, 1379.02, 1383.30, 1383.12, 1380.86, 1383.33, 1391.13, 1411.36, 1406.85, 1377.94, ],
[1374.34, 1377.17, 1375.56, 1376.55, 1369.46, 1381.16, 1371.80, 1373.00, 1381.29, 1369.94, 1383.54, 1384.05, 1376.42, 1377.87, 1373.96, 1369.54, 1388.59, 1421.50, 1375.40, 1376.16, 1373.13, 1382.48, 1369.84, 1403.47, 1379.32, 1378.93, 1381.66, 1379.72, 1367.64, 1376.96, 1374.45, 1369.64, ],
[1402.85, 1402.70, 1408.74, 1395.48, 1394.98, 1388.22, 1396.95, 1398.45, 1397.88, 1400.08, 1409.78, 1413.17, 1384.84, 1389.85, 1389.12, 1391.66, 1386.72, 1386.98, 1386.06, 1387.85, 1386.27, 1388.91, 1383.94, 1396.58, 1401.75, 1456.80, 1431.41, 1409.84, 1391.02, 1386.03, 1384.14, 1386.02, ],
[1377.00, 1378.30, 1384.56, 1380.67, 1378.40, 1381.49, 1386.41, 1377.84, 1391.09, 1381.05, 1376.52, 1374.07, 1373.60, 1374.02, 1377.86, 1376.54, 1377.48, 1381.06, 1376.53, 1375.76, 1381.10, 1374.14, 1378.11, 1376.72, 1382.87, 1379.60, 1374.06, 1377.96, 1379.15, 1374.68, 1382.97, 1379.26, ],
[1384.12, 1391.04, 1388.98, 1387.55, 1393.92, 1388.72, 1389.45, 1422.82, 1391.83, 1393.26, 1390.00, 1393.79, 1388.47, 1386.63, 1395.19, 1384.77, 1387.86, 1379.94, 1390.07, 1396.85, 1387.83, 1382.27, 1390.24, 1384.64, 1389.96, 1391.47, 1392.06, 1416.49, 1399.09, 1398.33, 1393.15, 1415.45, ],
[1406.93, 1403.13, 1404.71, 1402.73, 1385.74, 1391.79, 1388.67, 1404.03, 1387.61, 1390.99, 1389.35, 1397.97, 1395.29, 1394.94, 1391.03, 1392.28, 1383.20, 1405.21, 1385.81, 1393.42, 1396.36, 1398.11, 1392.51, 1393.88, 1394.85, 1395.36, 1400.67, 1399.46, 1403.55, 1415.47, 1392.13, 1397.54, ],
[1388.14, 1401.39, 1389.86, 1398.00, 1399.12, 1397.19, 1406.37, 1400.28, 1388.57, 1408.95, 1415.57, 1380.73, 1398.35, 1399.87, 1395.09, 1383.47, 1390.02, 1396.66, 1409.90, 1388.80, 1394.42, 1385.78, 1399.65, 1383.18, 1423.55, 1391.59, 1402.08, 1387.90, 1393.18, 1385.61, 1399.30, 1387.92, ],
[1393.99, 1399.44, 1391.08, 1414.38, 1445.21, 1430.99, 1425.74, 1417.56, 1390.34, 1395.11, 1389.76, 1397.45, 1411.77, 1465.10, 1471.83, 1410.99, 1400.76, 1419.52, 1412.16, 1393.27, 1391.94, 1395.00, 1393.60, 1410.54, 1395.72, 1390.52, 1413.28, 1392.23, 1396.48, 1398.42, 1391.16, 1398.39, ],
[1385.32, 1382.16, 1400.86, 1395.46, 1389.47, 1404.72, 1394.72, 1380.01, 1401.61, 1401.19, 1426.17, 1390.17, 1386.08, 1381.75, 1442.88, 1402.98, 1410.71, 1395.66, 1409.13, 1387.39, 1389.81, 1384.07, 1389.74, 1385.92, 1394.11, 1381.52, 1389.75, 1396.45, 1394.96, 1380.82, 1403.28, 1389.73, ],
[1385.07, 1399.63, 1409.33, 1402.10, 1400.59, 1406.35, 1385.97, 1398.92, 1393.94, 1391.54, 1388.71, 1413.86, 1387.27, 1429.57, 1384.69, 1428.53, 1410.72, 1400.12, 1386.23, 1402.84, 1397.14, 1392.64, 1400.39, 1395.05, 1389.29, 1407.94, 1454.90, 1446.53, 1400.95, 1393.23, 1383.07, 1411.47, ],
[1400.35, 1397.42, 1390.57, 1403.64, 1388.90, 1414.43, 1400.98, 1403.66, 1401.99, 1399.49, 1432.63, 1400.48, 1391.50, 1412.16, 1397.42, 1411.05, 1387.22, 1417.34, 1386.92, 1389.49, 1399.66, 1407.23, 1394.17, 1391.17, 1389.39, 1394.28, 1394.85, 1393.11, 1402.05, 1391.36, 1388.18, 1389.56, ],
[1448.70, 1421.39, 1389.66, 1390.41, 1439.17, 1382.74, 1427.13, 1386.18, 1394.23, 1403.59, 1387.71, 1383.88, 1389.91, 1389.26, 1390.23, 1383.44, 1432.52, 1394.27, 1441.66, 1447.90, 1395.57, 1383.06, 1421.86, 1380.61, 1386.75, 1391.54, 1393.00, 1386.34, 1431.48, 1392.12, 1413.90, 1396.37, ],
[1415.28, 1403.51, 1425.99, 1478.83, 1400.69, 1424.10, 1402.36, 1407.87, 1389.25, 1397.93, 1393.21, 1402.88, 1397.31, 1412.80, 1407.93, 1404.14, 1495.15, 1399.45, 1409.46, 1400.78, 1410.80, 1414.55, 1468.41, 1399.04, 1390.00, 1407.99, 1393.72, 1424.39, 1452.15, 1409.69, 1436.16, 1392.97, ],
[1387.97, 1388.73, 1389.97, 1390.32, 1419.45, 1379.97, 1403.39, 1406.21, 1391.54, 1391.60, 1405.41, 1407.81, 1395.91, 1398.58, 1401.46, 1425.83, 1403.81, 1399.92, 1402.91, 1387.04, 1412.23, 1393.86, 1384.13, 1398.85, 1444.06, 1389.55, 1385.38, 1387.45, 1418.09, 1424.59, 1384.25, 1383.13, ],
[1381.27, 1531.54, 1398.37, 1470.34, 1439.72, 1410.94, 1384.20, 1393.68, 1431.48, 1463.68, 1388.41, 1429.90, 1422.89, 1393.20, 1413.67, 1414.33, 1497.29, 1640.83, 1422.43, 1392.42, 1382.27, 1453.99, 1412.58, 1422.38, 1393.20, 1390.06, 1400.13, 1417.53, 1413.36, 1396.26, 1425.66, 1401.67, ],
[1394.44, 1388.30, 1392.67, 1406.69, 1452.45, 1406.58, 1394.78, 1433.12, 1395.46, 1413.77, 1390.16, 1389.69, 1403.69, 1382.71, 1449.82, 1385.70, 1451.10, 1383.30, 1413.91, 1417.67, 1433.71, 1390.58, 1421.71, 1547.10, 1462.15, 1388.29, 1381.57, 1383.09, 1442.17, 1383.88, 1405.85, 1378.78, ],
[1378.28, 1379.46, 1386.52, 1386.06, 1385.62, 1385.50, 1394.00, 1397.89, 1415.37, 1380.34, 1380.92, 1386.65, 1406.20, 1383.51, 1388.36, 1385.00, 1397.83, 1382.53, 1380.67, 1387.83, 1387.85, 1396.73, 1400.70, 1427.59, 1392.91, 1389.04, 1425.73, 1387.09, 1395.43, 1378.56, 1415.95, 1377.72, ],
[1405.80, 1395.56, 1391.86, 1429.77, 1421.67, 1397.24, 1439.00, 1397.15, 1420.97, 1432.40, 1394.06, 1397.85, 1498.22, 1551.72, 1517.40, 1433.62, 1401.12, 1391.98, 1390.70, 1392.55, 1390.65, 1416.43, 1419.37, 1403.64, 1392.24, 1395.32, 1387.30, 1429.16, 1409.92, 1387.20, 1413.15, 1440.06, ],
[1433.73, 1560.78, 1426.26, 1412.92, 1385.10, 1384.00, 1382.48, 1403.42, 1395.10, 1463.68, 1433.41, 1391.10, 1393.29, 1387.84, 1415.88, 1391.17, 1391.32, 1399.96, 1386.56, 1389.41, 1390.83, 1395.03, 1384.34, 1403.84, 1387.76, 1389.36, 1387.17, 1406.99, 1388.09, 1396.06, 1395.87, 1389.00, ],
[1392.21, 1401.81, 1394.68, 1413.40, 1480.10, 1451.65, 1403.79, 1432.52, 1394.48, 1405.22, 1390.28, 1407.47, 1469.50, 1406.85, 1392.03, 1409.86, 1439.68, 1416.09, 1425.20, 1404.42, 1414.87, 1427.50, 1431.32, 1452.23, 1437.69, 1397.68, 1389.93, 1425.49, 1398.54, 1417.22, 1420.54, 1459.76, ],
[1406.40, 1396.53, 1404.14, 1416.88, 1398.62, 1402.78, 1399.98, 1396.58, 1425.12, 1396.69, 1411.18, 1397.34, 1408.68, 1405.11, 1405.02, 1395.71, 1422.99, 1397.35, 1417.80, 1395.32, 1407.40, 1393.59, 1403.51, 1393.50, 1424.06, 1406.81, 1403.08, 1391.37, 1396.97, 1394.68, 1407.61, 1394.51, ],
[1387.28, 1398.74, 1387.45, 1398.61, 1392.65, 1394.00, 1410.99, 1422.05, 1402.88, 1397.72, 1405.30, 1397.71, 1392.61, 1400.88, 1397.62, 1401.10, 1384.03, 1405.80, 1386.43, 1399.77, 1395.66, 1394.13, 1483.29, 1441.87, 1389.43, 1396.20, 1391.53, 1392.55, 1401.18, 1404.46, 1401.51, 1402.57, ],
[1403.97, 1397.22, 1400.27, 1411.92, 1408.97, 1393.12, 1410.87, 1398.07, 1403.99, 1398.45, 1399.67, 1412.50, 1399.46, 1397.84, 1402.24, 1413.91, 1403.48, 1396.03, 1399.20, 1427.62, 1401.27, 1398.78, 1404.83, 1409.48, 1461.90, 1403.88, 1400.04, 1401.26, 1422.91, 1422.77, 1401.19, 1398.54, ],
[1391.57, 1403.45, 1395.09, 1388.95, 1385.57, 1407.61, 1385.67, 1390.84, 1384.84, 1439.72, 1404.71, 1385.50, 1390.96, 1388.38, 1390.17, 1393.04, 1390.73, 1405.71, 1404.05, 1390.90, 1388.45, 1397.90, 1388.08, 1409.38, 1392.39, 1391.20, 1399.68, 1427.97, 1399.67, 1402.59, 1388.62, 1395.31, ],
[1451.47, 1395.93, 1399.06, 1408.14, 1402.26, 1402.06, 1414.79, 1411.66, 1411.33, 1397.72, 1416.72, 1400.69, 1406.09, 1410.13, 1419.00, 1398.31, 1406.05, 1409.83, 1408.59, 1425.48, 1422.89, 1401.77, 1408.37, 1410.85, 1405.84, 1405.86, 1406.56, 1402.94, 1410.39, 1401.68, 1404.20, 1399.01, ],
[1416.76, 1402.71, 1404.39, 1463.61, 1409.65, 1417.58, 1404.00, 1463.48, 1413.76, 1404.40, 1406.40, 1415.93, 1406.17, 1403.15, 1434.80, 1402.47, 1437.25, 1408.45, 1414.99, 1426.53, 1415.30, 1403.72, 1406.76, 1403.53, 1416.05, 1456.04, 1463.08, 1402.86, 1412.14, 1395.78, 1421.69, 1414.53, ],
[1406.06, 1423.81, 1395.69, 1408.65, 1458.65, 1459.19, 1401.23, 1412.06, 1403.08, 1411.83, 1408.67, 1445.42, 1409.93, 1403.47, 1398.89, 1410.53, 1437.76, 1410.74, 1396.62, 1408.12, 1422.05, 1410.16, 1404.31, 1409.11, 1417.16, 1435.10, 1406.83, 1413.54, 1402.79, 1409.12, 1415.48, 1473.58, ],
[1407.77, 1402.33, 1416.34, 1399.69, 1464.56, 1435.40, 1404.87, 1408.43, 1413.74, 1422.93, 1426.33, 1405.13, 1411.54, 1424.45, 1413.94, 1402.00, 1408.79, 1401.40, 1406.83, 1402.01, 1431.67, 1417.96, 1439.83, 1406.02, 1424.65, 1404.31, 1426.72, 1402.69, 1408.34, 1402.70, 1411.85, 1408.76, ],
[1405.82, 1400.94, 1394.30, 1403.86, 1399.20, 1407.70, 1398.08, 1412.83, 1392.13, 1405.00, 1395.17, 1409.00, 1394.70, 1399.72, 1406.35, 1414.92, 1393.33, 1403.70, 1397.25, 1406.33, 1395.64, 1402.15, 1396.25, 1408.51, 1419.31, 1424.15, 1397.12, 1406.60, 1421.57, 1412.56, 1393.55, 1400.93, ],
[1405.74, 1399.19, 1411.55, 1417.73, 1405.64, 1395.68, 1408.91, 1395.27, 1410.25, 1395.06, 1404.80, 1405.67, 1499.46, 1403.55, 1431.33, 1391.80, 1542.38, 1403.26, 1413.68, 1419.93, 1430.40, 1409.37, 1431.78, 1421.42, 1420.69, 1433.33, 1410.89, 1403.52, 1439.61, 1410.66, 1427.36, 1401.85, ],
[1424.43, 1400.26, 1434.19, 1404.96, 1411.19, 1402.42, 1402.37, 1399.60, 1406.50, 1407.15, 1412.56, 1411.42, 1410.18, 1404.65, 1410.22, 1404.58, 1419.68, 1403.28, 1403.48, 1410.11, 1423.37, 1413.59, 1429.97, 1398.67, 1404.38, 1401.78, 1437.58, 1418.78, 1409.63, 1405.72, 1464.33, 1414.21, ],
[1392.96, 1394.74, 1391.15, 1400.00, 1396.46, 1394.06, 1396.02, 1395.95, 1389.65, 1392.21, 1396.49, 1400.00, 1392.49, 1398.83, 1388.37, 1395.53, 1412.19, 1394.85, 1389.95, 1393.65, 1390.70, 1428.68, 1394.07, 1420.38, 1399.91, 1405.76, 1389.18, 1390.22, 1409.00, 1398.66, 1388.37, 1397.03, ],
[1422.69, 1406.38, 1407.68, 1416.55, 1409.80, 1407.89, 1416.31, 1405.53, 1405.25, 1405.64, 1406.66, 1408.83, 1403.45, 1417.16, 1418.11, 1427.54, 1406.02, 1424.65, 1415.10, 1400.87, 1429.96, 1409.11, 1408.92, 1407.29, 1417.63, 1407.77, 1407.02, 1408.73, 1410.62, 1408.16, 1412.22, 1422.89, ],
[1404.95, 1411.29, 1402.51, 1400.54, 1403.07, 1407.52, 1457.27, 1405.66, 1398.19, 1414.31, 1395.94, 1402.15, 1394.30, 1401.37, 1400.43, 1406.19, 1395.35, 1410.91, 1402.90, 1416.12, 1392.97, 1409.94, 1395.42, 1405.69, 1402.74, 1404.68, 1393.29, 1407.25, 1399.05, 1406.35, 1396.78, 1402.65, ],
[1435.57, 1395.57, 1401.30, 1405.92, 1412.80, 1411.98, 1415.43, 1427.54, 1478.22, 1405.68, 1441.71, 1428.02, 1419.67, 1403.47, 1446.06, 1401.99, 1416.87, 1390.34, 1428.12, 1396.56, 1402.15, 1414.04, 1416.07, 1400.27, 1401.79, 1415.74, 1406.56, 1399.22, 1405.25, 1400.38, 1412.10, 1407.42, ],
[1411.02, 1411.79, 1407.60, 1415.31, 1424.02, 1414.02, 1437.85, 1417.97, 1407.52, 1409.71, 1419.01, 1412.53, 1415.81, 1415.95, 1408.46, 1407.35, 1412.63, 1421.08, 1405.99, 1444.33, 1403.64, 1413.10, 1405.20, 1417.19, 1415.89, 1427.23, 1408.70, 1466.14, 1407.53, 1407.42, 1453.23, 1415.06, ],
[1398.95, 1398.20, 1395.45, 1401.94, 1413.24, 1394.58, 1396.31, 1404.63, 1400.42, 1404.71, 1393.01, 1406.98, 1398.47, 1408.25, 1399.98, 1424.94, 1425.66, 1394.57, 1399.86, 1393.94, 1393.06, 1393.30, 1397.36, 1400.29, 1421.86, 1392.70, 1394.71, 1407.31, 1457.37, 1394.20, 1399.75, 1422.31, ],
[1455.52, 1395.83, 1402.31, 1404.60, 1406.79, 1457.81, 1402.90, 1399.29, 1411.39, 1402.00, 1406.17, 1403.86, 1408.78, 1397.64, 1484.88, 1411.47, 1409.00, 1399.61, 1408.76, 1399.58, 1419.55, 1418.62, 1403.78, 1415.74, 1408.95, 1397.75, 1407.66, 1402.46, 1406.72, 1402.52, 1498.47, 1429.57, ],
[1436.50, 1407.92, 1406.01, 1408.19, 1421.36, 1410.06, 1414.18, 1407.89, 1397.69, 1423.18, 1397.27, 1410.85, 1406.58, 1417.07, 1398.11, 1415.69, 1420.68, 1440.43, 1413.32, 1433.83, 1405.16, 1406.93, 1397.03, 1409.30, 1438.73, 1407.76, 1396.63, 1424.18, 1406.43, 1404.88, 1396.92, 1404.69, ],
[1407.82, 1403.97, 1396.13, 1404.55, 1424.87, 1439.66, 1397.76, 1416.23, 1413.21, 1398.67, 1400.08, 1402.31, 1407.40, 1410.55, 1423.62, 1397.21, 1401.78, 1418.12, 1400.94, 1396.74, 1410.97, 1404.93, 1416.38, 1399.72, 1444.22, 1415.66, 1432.79, 1400.82, 1424.12, 1405.79, 1409.60, 1403.07, ],
[1408.50, 1405.04, 1404.48, 1415.16, 1413.07, 1418.16, 1404.45, 1404.59, 1410.01, 1436.66, 1411.31, 1410.99, 1417.49, 1408.05, 1408.55, 1412.01, 1404.66, 1413.41, 1407.78, 1412.19, 1407.16, 1410.02, 1422.69, 1407.28, 1404.98, 1406.90, 1417.28, 1407.97, 1407.49, 1407.26, 1410.99, 1407.11, ],
[1399.15, 1389.02, 1402.50, 1399.12, 1394.98, 1391.25, 1398.47, 1399.29, 1404.35, 1392.39, 1394.55, 1399.18, 1400.13, 1392.65, 1409.60, 1398.19, 1401.97, 1424.04, 1425.52, 1404.38, 1406.86, 1450.87, 1410.02, 1393.34, 1401.99, 1400.26, 1397.93, 1392.49, 1403.38, 1397.80, 1410.80, 1397.21, ],
[1411.61, 1393.11, 1400.17, 1390.69, 1418.42, 1398.79, 1397.65, 1398.59, 1408.07, 1418.83, 1402.34, 1404.02, 1414.57, 1393.78, 1400.61, 1411.08, 1435.09, 1393.18, 1407.02, 1397.69, 1415.13, 1402.83, 1410.17, 1408.08, 1440.61, 1396.40, 1401.30, 1392.37, 1395.54, 1414.77, 1416.44, 1409.25, ],
[1403.62, 1419.48, 1431.36, 1409.71, 1399.43, 1415.64, 1399.95, 1408.71, 1402.87, 1416.40, 1408.89, 1429.86, 1409.62, 1409.66, 1401.27, 1409.67, 1440.83, 1414.62, 1407.27, 1421.12, 1404.82, 1416.37, 1401.12, 1408.07, 1417.98, 1420.32, 1399.90, 1403.93, 1402.16, 1422.81, 1401.49, 1406.81, ],
[1426.08, 1397.00, 1420.71, 1396.74, 1397.03, 1408.61, 1413.22, 1416.67, 1406.37, 1421.13, 1408.20, 1417.54, 1400.43, 1403.27, 1470.51, 1418.02, 1433.14, 1394.59, 1413.56, 1394.67, 1398.11, 1396.67, 1405.71, 1393.09, 1397.96, 1392.18, 1403.62, 1391.24, 1421.75, 1392.02, 1405.08, 1390.75, ],
[1401.86, 1417.00, 1425.00, 1408.92, 1400.60, 1417.39, 1403.22, 1420.72, 1440.88, 1420.32, 1405.32, 1411.97, 1399.86, 1426.47, 1408.28, 1411.92, 1402.53, 1415.78, 1403.95, 1410.97, 1406.04, 1427.54, 1410.76, 1410.05, 1405.73, 1412.52, 1415.35, 1417.47, 1405.39, 1406.40, 1417.51, 1414.65, ],
[1400.36, 1406.12, 1422.35, 1400.10, 1411.46, 1399.67, 1411.49, 1397.10, 1402.51, 1395.73, 1406.78, 1399.96, 1405.97, 1393.22, 1405.46, 1398.75, 1402.01, 1403.46, 1449.83, 1411.28, 1407.09, 1402.75, 1407.22, 1402.37, 1402.99, 1397.20, 1405.25, 1417.93, 1398.20, 1395.90, 1446.73, 1406.96, ],
[1394.71, 1401.60, 1408.61, 1405.04, 1399.99, 1402.86, 1397.02, 1403.28, 1399.42, 1405.26, 1415.29, 1414.59, 1397.95, 1412.99, 1407.19, 1420.26, 1409.08, 1424.53, 1414.03, 1406.54, 1396.25, 1414.10, 1396.83, 1409.01, 1396.43, 1406.61, 1399.59, 1415.91, 1399.97, 1401.78, 1396.63, 1406.67, ],
[1412.27, 1412.92, 1414.08, 1423.71, 1425.44, 1407.71, 1403.34, 1422.65, 1420.51, 1414.38, 1449.58, 1415.89, 1414.77, 1413.29, 1409.28, 1430.47, 1422.23, 1417.37, 1407.57, 1418.88, 1430.15, 1460.33, 1453.74, 1427.94, 1414.61, 1428.24, 1416.07, 1420.05, 1474.92, 1460.60, 1451.74, 1435.82, ],
[1426.88, 1437.03, 1432.47, 1484.14, 1559.88, 1467.07, 1428.24, 1488.70, 1688.08, 1467.21, 1549.87, 1408.82, 1516.97, 1474.94, 1499.73, 1418.69, 1394.65, 1425.09, 1432.17, 1413.26, 1406.24, 1411.79, 1438.96, 1449.42, 1486.57, 1459.80, 1453.52, 1399.37, 1444.25, 1412.90, 1427.58, 1419.10, ],
[1404.08, 1413.75, 1408.10, 1409.09, 1407.55, 1413.27, 1407.55, 1410.70, 1407.22, 1414.95, 1409.53, 1412.89, 1409.04, 1414.55, 1417.41, 1419.00, 1407.71, 1411.90, 1416.68, 1414.90, 1397.25, 1413.33, 1411.27, 1424.50, 1417.95, 1416.66, 1407.13, 1427.12, 1429.17, 1413.10, 1409.46, 1423.19, ],
[1418.71, 1393.91, 1409.67, 1413.02, 1434.68, 1400.23, 1411.07, 1409.01, 1406.39, 1419.93, 1471.14, 1413.44, 1429.03, 1430.10, 1405.08, 1404.30, 1404.26, 1400.63, 1409.90, 1438.35, 1406.22, 1438.25, 1415.37, 1403.32, 1413.77, 1444.53, 1407.53, 1398.39, 1415.36, 1404.31, 1410.55, 1406.50, ],
[1394.03, 1402.05, 1402.16, 1409.68, 1399.74, 1408.86, 1401.22, 1405.23, 1396.86, 1412.38, 1412.23, 1401.38, 1398.00, 1404.73, 1403.83, 1416.27, 1409.63, 1416.60, 1404.74, 1447.23, 1415.08, 1421.41, 1404.90, 1414.17, 1393.70, 1425.13, 1409.07, 1443.10, 1398.64, 1425.13, 1396.96, 1413.42, ],
[1405.63, 1402.48, 1407.57, 1413.95, 1418.69, 1400.26, 1426.13, 1403.42, 1421.49, 1401.69, 1444.24, 1407.49, 1414.19, 1411.95, 1426.49, 1404.89, 1407.79, 1412.84, 1412.54, 1405.86, 1411.92, 1425.02, 1411.44, 1412.58, 1406.36, 1406.28, 1414.64, 1411.65, 1413.14, 1398.63, 1419.52, 1400.13, ],
[1418.49, 1460.61, 1398.74, 1429.89, 1425.39, 1404.19, 1399.69, 1405.09, 1401.81, 1402.99, 1397.87, 1421.01, 1405.09, 1414.27, 1400.67, 1403.67, 1425.49, 1412.60, 1428.82, 1399.47, 1419.14, 1398.46, 1400.69, 1413.03, 1412.38, 1419.45, 1408.32, 1436.15, 1394.21, 1396.93, 1410.77, 1428.93, ],
[1418.40, 1411.55, 1413.94, 1406.04, 1416.81, 1411.17, 1436.92, 1408.29, 1414.61, 1411.90, 1420.84, 1412.34, 1416.51, 1412.12, 1438.50, 1418.83, 1415.83, 1425.62, 1417.66, 1410.95, 1422.58, 1437.17, 1420.10, 1420.60, 1415.23, 1410.00, 1419.06, 1415.99, 1425.83, 1417.78, 1423.50, 1449.69, ],
[1403.81, 1406.01, 1399.61, 1415.30, 1404.62, 1405.07, 1401.97, 1422.54, 1393.59, 1400.40, 1396.85, 1401.69, 1418.08, 1408.43, 1412.19, 1409.28, 1431.01, 1403.65, 1401.98, 1432.12, 1395.56, 1408.22, 1431.42, 1411.28, 1401.79, 1403.26, 1398.36, 1405.76, 1401.09, 1410.17, 1397.52, 1406.96, ],
[1414.20, 1409.27, 1425.15, 1406.87, 1403.47, 1435.06, 1433.80, 1407.06, 1405.14, 1466.17, 1430.34, 1411.39, 1399.24, 1428.45, 1437.74, 1405.23, 1409.86, 1414.36, 1440.46, 1446.47, 1400.75, 1404.39, 1415.66, 1424.10, 1423.71, 1407.11, 1400.64, 1419.38, 1401.17, 1410.51, 1407.50, 1409.26, ],
[1418.02, 1441.01, 1438.37, 1420.30, 1419.24, 1406.53, 1410.47, 1408.45, 1418.56, 1407.59, 1422.00, 1418.30, 1410.79, 1436.75, 1413.99, 1402.45, 1416.76, 1403.05, 1418.54, 1412.32, 1432.94, 1412.19, 1432.14, 1411.07, 1412.22, 1410.03, 1410.07, 1418.99, 1437.33, 1415.56, 1409.01, 1421.09, ],
[1398.97, 1404.63, 1406.46, 1401.68, 1411.29, 1406.70, 1400.22, 1407.41, 1397.35, 1395.36, 1430.41, 1406.59, 1403.30, 1416.33, 1421.00, 1405.20, 1395.14, 1402.40, 1410.72, 1397.41, 1402.96, 1408.70, 1406.26, 1399.08, 1397.29, 1414.97, 1402.00, 1408.00, 1405.83, 1426.67, 1410.13, 1399.21, ],
[1407.54, 1401.59, 1432.06, 1406.98, 1406.03, 1410.18, 1431.40, 1403.86, 1404.55, 1400.64, 1426.44, 1404.25, 1417.89, 1396.99, 1430.62, 1413.28, 1408.18, 1412.26, 1415.28, 1416.24, 1411.38, 1402.60, 1413.41, 1406.20, 1406.54, 1401.13, 1471.82, 1418.02, 1414.72, 1400.78, 1436.09, 1417.46, ],
[1396.16, 1410.74, 1404.40, 1407.09, 1396.20, 1418.68, 1399.25, 1407.95, 1398.75, 1409.68, 1417.51, 1413.02, 1398.52, 1410.64, 1401.47, 1407.03, 1398.81, 1405.87, 1400.69, 1411.50, 1398.72, 1408.27, 1399.83, 1404.49, 1395.62, 1417.86, 1408.47, 1411.27, 1401.65, 1400.44, 1412.00, 1412.00, ],
[1417.19, 1409.08, 1424.80, 1413.71, 1412.27, 1414.01, 1413.62, 1417.32, 1406.50, 1404.23, 1417.99, 1418.10, 1409.42, 1403.54, 1409.00, 1408.31, 1407.03, 1399.95, 1406.96, 1403.68, 1407.17, 1402.54, 1417.65, 1400.65, 1406.40, 1405.16, 1408.59, 1403.06, 1409.56, 1406.71, 1408.61, 1410.54, ],
[1420.01, 1409.52, 1402.94, 1410.26, 1426.16, 1403.46, 1404.37, 1410.62, 1404.84, 1411.54, 1409.30, 1414.36, 1422.97, 1431.81, 1414.79, 1418.53, 1408.53, 1414.47, 1410.26, 1405.84, 1413.00, 1410.97, 1408.55, 1412.83, 1411.00, 1408.50, 1406.73, 1410.61, 1416.55, 1431.97, 1405.85, 1401.57, ],
[1398.66, 1399.88, 1413.25, 1418.37, 1406.04, 1400.44, 1415.65, 1399.83, 1401.19, 1395.61, 1403.50, 1395.46, 1393.75, 1410.71, 1398.35, 1405.23, 1397.43, 1426.19, 1401.71, 1399.09, 1395.31, 1400.65, 1395.11, 1400.64, 1413.99, 1414.42, 1397.43, 1399.01, 1404.44, 1405.66, 1396.19, 1411.70, ],
# === Voice data end ===


# === Voice data start ===
[5792.62, 5792.62, 5792.62, 5743.22, 5320.57, 5109.55, 4852.26, 4493.37, 4223.42, 3962.14, 3495.97, 3260.13, 3074.40, 3040.17, 2662.69, 2478.90, 2315.99, 2292.51, 2180.68, 2139.71, 1941.87, 1750.97, 1852.01, 1906.40, 1728.43, 1650.79, 1533.05, 1636.03, 1267.75, 1371.15, 1350.94, 1564.32, ],
[1050.98, 1042.24, 1051.75, 1085.21, 1056.21, 1041.47, 1003.32, 952.96, 921.76, 892.87, 847.11, 830.03, 836.62, 837.44, 851.74, 852.02, 852.01, 853.50, 821.59, 786.49, 808.24, 803.32, 829.62, 882.35, 897.95, 898.26, 893.27, 887.13, 877.94, 880.43, 896.45, 922.27, ],
[1172.75, 1212.42, 1145.34, 1198.94, 1180.87, 1171.65, 1190.56, 1172.73, 1169.93, 1167.46, 1162.43, 1182.01, 1131.82, 1127.31, 1118.39, 1134.09, 1146.88, 1108.42, 1097.37, 1118.81, 1119.14, 1143.21, 1147.53, 1129.48, 1161.57, 1140.11, 1109.42, 1140.52, 1156.19, 1110.22, 1102.10, 1133.80, ],
[981.96, 990.87, 940.82, 830.59, 829.55, 788.22, 775.72, 795.67, 909.38, 958.38, 997.86, 1015.48, 1039.45, 1152.69, 1220.62, 1131.82, 1049.29, 935.24, 890.97, 1025.59, 1173.34, 1241.84, 1168.08, 906.76, 955.92, 1303.72, 1452.59, 1403.53, 1260.19, 1122.51, 1093.87, 1242.39, ],
[1324.61, 1373.99, 1259.74, 1329.98, 1308.95, 1324.29, 1495.84, 1480.43, 1269.62, 1330.05, 1549.78, 1433.30, 1325.17, 1283.59, 1387.50, 1373.67, 1408.10, 1434.48, 1357.62, 1360.04, 1336.64, 1358.53, 1387.01, 1354.78, 1311.88, 1298.19, 1360.91, 1357.77, 1346.02, 1325.13, 1318.60, 1316.63, ],
[1270.81, 1277.31, 1276.98, 1295.28, 1302.65, 1299.05, 1294.54, 1311.65, 1313.07, 1340.78, 1303.90, 1315.81, 1310.29, 1373.77, 1318.94, 1323.37, 1339.18, 1308.22, 1305.97, 1304.76, 1321.71, 1325.99, 1341.95, 1316.95, 1313.14, 1317.15, 1313.24, 1335.96, 1303.07, 1296.12, 1322.88, 1299.58, ],
[1320.50, 1390.73, 1318.40, 1313.61, 1318.29, 1289.37, 1289.32, 1292.75, 1334.36, 1298.66, 1291.88, 1277.95, 1287.59, 1297.92, 1294.51, 1313.34, 1297.01, 1288.55, 1283.09, 1301.97, 1318.27, 1327.40, 1282.25, 1281.80, 1404.34, 1285.90, 1404.98, 1338.35, 1301.06, 1456.03, 1283.83, 1288.93, ],
[1308.62, 1441.61, 1351.50, 1318.18, 1295.14, 1289.56, 1289.31, 1307.66, 1301.08, 1326.83, 1290.74, 1330.48, 1285.35, 1327.66, 1298.60, 1286.11, 1297.65, 1291.51, 1290.79, 1288.45, 1314.19, 1294.18, 1349.36, 1419.03, 1296.26, 1327.20, 1343.92, 1290.86, 1292.15, 1309.91, 1299.08, 1301.98, ],
[1291.15, 1299.25, 1292.82, 1298.05, 1301.57, 1300.77, 1329.12, 1300.17, 1302.19, 1301.06, 1298.30, 1315.05, 1337.41, 1310.93, 1318.27, 1309.08, 1305.91, 1294.70, 1308.25, 1303.52, 1333.65, 1321.15, 1292.93, 1369.31, 1293.67, 1315.06, 1291.82, 1313.88, 1316.93, 1318.27, 1301.24, 1291.20, ],
[1299.27, 1288.34, 1291.29, 1295.45, 1307.54, 1301.21, 1294.22, 1350.24, 1353.12, 1297.26, 1286.53, 1294.11, 1294.98, 1298.45, 1294.58, 1306.43, 1283.68, 1288.02, 1289.76, 1308.31, 1284.40, 1302.68, 1318.58, 1294.07, 1285.91, 1302.13, 1297.57, 1296.92, 1293.15, 1295.02, 1287.93, 1294.58, ],
[1298.23, 1311.98, 1306.53, 1297.59, 1303.38, 1307.58, 1309.13, 1292.17, 1316.07, 1293.64, 1301.45, 1289.65, 1312.51, 1304.85, 1305.61, 1289.15, 1300.70, 1296.76, 1299.01, 1293.40, 1312.21, 1289.16, 1299.47, 1294.81, 1294.55, 1286.69, 1298.02, 1305.32, 1332.01, 1308.26, 1294.04, 1298.08, ],
[1306.58, 1297.29, 1311.11, 1299.13, 1296.82, 1292.36, 1296.46, 1293.10, 1296.81, 1289.60, 1304.57, 1290.42, 1295.08, 1293.26, 1301.86, 1287.85, 1294.47, 1292.96, 1299.23, 1289.66, 1298.51, 1293.59, 1300.53, 1298.74, 1302.32, 1290.48, 1293.09, 1288.25, 1292.09, 1303.49, 1295.49, 1291.42, ],
[1283.06, 1297.00, 1299.92, 1299.63, 1295.55, 1298.82, 1318.67, 1305.03, 1283.25, 1288.76, 1287.65, 1297.20, 1283.82, 1303.19, 1290.40, 1289.95, 1306.49, 1292.92, 1283.63, 1295.31, 1288.05, 1292.17, 1288.11, 1290.88, 1291.61, 1304.01, 1284.00, 1297.11, 1289.06, 1291.25, 1287.57, 1299.76, ],
[1291.54, 1293.54, 1285.83, 1294.90, 1285.35, 1295.60, 1292.03, 1295.66, 1296.34, 1292.04, 1291.45, 1301.12, 1290.96, 1294.72, 1285.26, 1296.00, 1285.54, 1296.95, 1293.45, 1293.34, 1286.29, 1294.23, 1287.39, 1295.63, 1292.69, 1292.86, 1286.17, 1292.53, 1286.68, 1295.55, 1284.50, 1299.19, ],
[1311.09, 1290.04, 1295.48, 1294.00, 1294.27, 1292.23, 1297.02, 1289.89, 1294.51, 1296.65, 1302.48, 1295.22, 1296.01, 1293.42, 1296.61, 1295.90, 1301.30, 1294.77, 1305.59, 1302.12, 1303.86, 1292.93, 1309.61, 1292.36, 1292.65, 1295.73, 1316.74, 1295.04, 1304.50, 1310.37, 1295.73, 1301.53, ],
[1287.40, 1296.58, 1285.70, 1301.85, 1310.88, 1289.75, 1297.98, 1287.90, 1281.74, 1286.04, 1289.69, 1294.09, 1287.31, 1297.42, 1286.91, 1302.10, 1283.53, 1285.68, 1293.61, 1300.02, 1286.62, 1293.36, 1286.71, 1284.01, 1287.34, 1292.56, 1279.45, 1297.06, 1289.91, 1292.69, 1280.37, 1283.65, ],
[1301.94, 1284.82, 1297.23, 1312.56, 1299.26, 1282.66, 1289.59, 1287.32, 1283.68, 1290.06, 1288.24, 1292.91, 1290.49, 1283.09, 1293.61, 1282.83, 1282.88, 1286.42, 1290.41, 1290.50, 1283.69, 1281.46, 1287.25, 1300.95, 1282.36, 1284.40, 1285.21, 1283.32, 1290.75, 1287.75, 1286.11, 1284.84, ],
[1308.44, 1289.98, 1302.75, 1298.08, 1293.87, 1289.94, 1297.01, 1294.52, 1291.21, 1301.55, 1294.76, 1289.98, 1284.21, 1295.09, 1289.41, 1289.48, 1293.05, 1314.98, 1307.97, 1290.21, 1282.45, 1307.77, 1296.24, 1290.71, 1295.29, 1300.20, 1317.40, 1290.88, 1305.92, 1290.28, 1286.20, 1292.68, ],
[1289.87, 1295.39, 1307.62, 1293.13, 1286.58, 1293.27, 1292.84, 1301.89, 1289.72, 1291.58, 1293.46, 1305.22, 1298.61, 1296.88, 1290.89, 1293.86, 1288.48, 1295.84, 1288.36, 1291.85, 1286.71, 1295.04, 1288.24, 1293.66, 1294.76, 1305.81, 1291.02, 1297.43, 1288.73, 1300.57, 1290.90, 1295.32, ],
[1291.40, 1291.54, 1291.26, 1286.75, 1291.79, 1312.93, 1294.95, 1285.98, 1320.10, 1291.99, 1292.73, 1291.13, 1303.42, 1294.71, 1294.16, 1287.62, 1294.98, 1285.63, 1290.38, 1282.73, 1297.15, 1279.03, 1312.27, 1284.21, 1302.69, 1291.34, 1298.38, 1302.68, 1298.65, 1295.56, 1289.44, 1285.58, ],
[1298.01, 1287.71, 1296.15, 1284.65, 1292.33, 1308.75, 1294.15, 1290.96, 1314.84, 1287.59, 1300.95, 1288.51, 1295.02, 1287.08, 1289.52, 1303.38, 1315.71, 1289.46, 1287.48, 1290.79, 1303.77, 1291.58, 1288.20, 1282.36, 1303.17, 1291.99, 1284.52, 1286.53, 1285.67, 1283.64, 1288.39, 1284.68, ],
[1284.50, 1291.32, 1287.00, 1295.06, 1287.93, 1292.35, 1290.40, 1288.59, 1286.24, 1295.61, 1295.33, 1292.10, 1287.74, 1298.32, 1283.10, 1293.59, 1290.68, 1295.44, 1285.82, 1298.52, 1289.17, 1299.39, 1288.63, 1292.31, 1291.27, 1289.56, 1295.34, 1292.05, 1286.94, 1302.28, 1311.32, 1294.54, ],
[1291.45, 1291.96, 1292.73, 1290.24, 1286.10, 1291.28, 1293.23, 1291.90, 1284.52, 1298.56, 1280.70, 1303.80, 1290.47, 1297.46, 1297.09, 1293.52, 1279.70, 1288.87, 1290.43, 1288.96, 1284.76, 1295.65, 1287.84, 1289.19, 1288.30, 1334.01, 1288.48, 1290.90, 1282.74, 1288.42, 1287.39, 1293.39, ],
[1283.33, 1274.41, 1281.04, 1272.14, 1283.71, 1274.45, 1275.83, 1285.33, 1282.08, 1274.67, 1282.62, 1274.31, 1275.76, 1285.54, 1276.68, 1273.00, 1278.69, 1272.65, 1291.54, 1275.68, 1274.93, 1272.15, 1277.77, 1280.05, 1297.55, 1284.96, 1281.23, 1280.07, 1293.96, 1276.63, 1300.06, 1271.45, ],
[1285.29, 1294.38, 1289.09, 1286.81, 1285.82, 1278.58, 1281.89, 1281.57, 1282.39, 1296.59, 1284.56, 1278.74, 1293.00, 1301.16, 1284.34, 1275.03, 1283.56, 1282.81, 1285.63, 1294.64, 1294.07, 1280.31, 1290.73, 1279.19, 1285.43, 1281.83, 1295.71, 1280.39, 1290.27, 1277.21, 1286.39, 1293.21, ],
[1287.83, 1304.33, 1306.92, 1289.47, 1286.72, 1289.75, 1284.27, 1293.02, 1306.30, 1298.60, 1292.71, 1298.18, 1282.30, 1298.41, 1285.18, 1288.18, 1309.43, 1287.98, 1283.32, 1287.43, 1276.00, 1290.62, 1284.07, 1289.33, 1277.07, 1287.12, 1280.22, 1286.14, 1301.29, 1285.30, 1292.45, 1281.84, ],
[1278.26, 1272.19, 1281.70, 1272.95, 1278.42, 1272.87, 1278.01, 1266.59, 1275.00, 1271.22, 1286.50, 1279.58, 1280.43, 1280.50, 1278.16, 1283.07, 1277.66, 1273.94, 1287.33, 1273.51, 1280.06, 1278.61, 1281.39, 1289.17, 1280.26, 1276.25, 1289.87, 1285.91, 1281.52, 1272.87, 1278.83, 1272.99, ],
[1294.35, 1291.29, 1288.18, 1291.12, 1305.48, 1297.12, 1300.15, 1297.16, 1297.76, 1306.19, 1294.78, 1287.01, 1283.55, 1295.55, 1289.68, 1290.64, 1285.49, 1292.15, 1300.78, 1292.53, 1281.87, 1323.69, 1290.92, 1290.77, 1289.19, 1324.38, 1286.76, 1291.81, 1286.92, 1295.66, 1299.97, 1287.86, ],
[1280.03, 1291.82, 1291.72, 1292.35, 1295.24, 1285.10, 1281.93, 1303.26, 1291.98, 1293.43, 1278.48, 1293.89, 1279.49, 1297.98, 1284.73, 1284.62, 1292.24, 1296.70, 1285.10, 1291.09, 1287.71, 1312.94, 1279.63, 1302.38, 1290.87, 1298.24, 1282.55, 1289.56, 1275.87, 1284.34, 1274.61, 1284.85, ],
[1281.17, 1305.54, 1314.60, 1288.59, 1278.81, 1312.02, 1345.85, 1284.08, 1280.71, 1272.69, 1279.27, 1283.44, 1280.84, 1274.63, 1280.57, 1290.14, 1288.92, 1276.44, 1278.62, 1277.62, 1288.60, 1276.07, 1284.58, 1278.62, 1280.89, 1274.25, 1280.72, 1276.57, 1279.22, 1275.92, 1275.93, 1284.17, ],
[1283.58, 1289.64, 1283.13, 1291.69, 1285.55, 1288.02, 1299.29, 1289.56, 1291.96, 1306.28, 1279.76, 1296.07, 1277.12, 1295.88, 1288.48, 1288.56, 1291.75, 1287.28, 1305.05, 1327.01, 1302.56, 1291.01, 1315.47, 1298.71, 1292.09, 1309.47, 1290.04, 1287.43, 1289.85, 1318.47, 1288.17, 1292.74, ],
[1287.10, 1286.48, 1297.65, 1292.55, 1284.06, 1300.48, 1302.04, 1290.49, 1283.77, 1293.17, 1287.00, 1299.80, 1286.66, 1293.27, 1287.94, 1307.23, 1300.96, 1313.21, 1289.50, 1291.63, 1281.85, 1285.69, 1287.43, 1307.84, 1288.55, 1287.61, 1291.40, 1300.82, 1280.21, 1290.68, 1279.06, 1288.46, ],
[1300.76, 1289.48, 1292.81, 1306.13, 1284.91, 1276.90, 1294.58, 1279.56, 1287.71, 1308.72, 1290.20, 1280.99, 1280.91, 1284.41, 1323.19, 1286.53, 1291.80, 1273.11, 1283.67, 1276.67, 1282.76, 1281.53, 1280.16, 1288.39, 1298.50, 1277.29, 1290.81, 1279.70, 1289.50, 1316.17, 1287.05, 1307.92, ],
[1289.98, 1288.32, 1290.47, 1303.69, 1290.82, 1292.68, 1297.12, 1298.06, 1317.28, 1287.94, 1291.24, 1290.97, 1326.43, 1285.85, 1288.74, 1293.53, 1291.46, 1286.54, 1286.61, 1293.52, 1288.71, 1299.21, 1286.68, 1289.16, 1289.39, 1315.73, 1306.24, 1300.07, 1291.34, 1293.49, 1298.04, 1297.90, ],
[1282.15, 1294.71, 1299.76, 1288.30, 1287.67, 1289.91, 1290.89, 1293.50, 1283.02, 1290.27, 1283.34, 1292.07, 1285.41, 1292.59, 1285.80, 1292.43, 1291.79, 1298.72, 1286.50, 1294.07, 1286.63, 1285.36, 1287.01, 1290.58, 1303.43, 1289.80, 1280.17, 1293.40, 1286.67, 1292.36, 1285.88, 1290.62, ],
[1290.46, 1288.72, 1297.57, 1286.38, 1300.69, 1291.81, 1294.82, 1287.95, 1289.89, 1283.85, 1290.41, 1286.60, 1285.05, 1284.54, 1283.53, 1283.54, 1287.63, 1284.21, 1293.71, 1287.73, 1294.77, 1286.30, 1285.78, 1292.78, 1283.92, 1286.51, 1283.66, 1293.50, 1282.71, 1283.23, 1285.01, 1288.47, ],
[1300.69, 1286.15, 1302.81, 1296.45, 1316.63, 1279.92, 1294.96, 1317.84, 1304.67, 1325.44, 1289.48, 1293.68, 1317.33, 1310.18, 1292.60, 1289.20, 1293.62, 1328.05, 1320.64, 1281.85, 1292.93, 1308.21, 1302.55, 1281.64, 1305.89, 1285.68, 1283.09, 1298.46, 1286.95, 1278.27, 1294.73, 1277.51, ],
[1278.60, 1282.43, 1284.42, 1284.38, 1275.61, 1277.32, 1281.14, 1288.07, 1282.57, 1279.37, 1303.33, 1281.73, 1303.03, 1278.42, 1309.03, 1284.33, 1274.78, 1332.00, 1300.64, 1304.28, 1284.48, 1287.67, 1275.71, 1280.29, 1296.25, 1292.53, 1279.41, 1290.19, 1280.24, 1282.32, 1277.01, 1287.10, ],
[1293.53, 1283.54, 1295.13, 1280.85, 1301.62, 1283.09, 1321.53, 1281.38, 1293.01, 1290.12, 1298.28, 1280.76, 1300.47, 1297.93, 1295.01, 1282.74, 1289.13, 1283.72, 1296.75, 1289.01, 1323.66, 1288.22, 1292.36, 1285.59, 1288.27, 1284.73, 1291.90, 1282.91, 1309.04, 1294.78, 1286.51, 1290.41, ],
[1297.74, 1293.43, 1289.33, 1291.96, 1285.27, 1282.92, 1320.90, 1297.61, 1287.85, 1299.38, 1281.39, 1288.44, 1297.27, 1283.82, 1288.23, 1293.79, 1284.21, 1283.26, 1298.85, 1289.71, 1285.63, 1300.97, 1293.82, 1293.26, 1294.51, 1285.46, 1285.13, 1343.42, 1286.38, 1289.36, 1289.76, 1289.72, ],
[1281.96, 1292.65, 1278.31, 1290.70, 1285.22, 1289.84, 1282.35, 1295.11, 1288.61, 1289.28, 1295.53, 1289.48, 1291.88, 1296.28, 1280.13, 1302.01, 1286.06, 1292.95, 1290.18, 1291.62, 1287.46, 1292.45, 1288.12, 1296.26, 1282.16, 1289.56, 1288.38, 1290.17, 1285.71, 1300.68, 1286.77, 1307.32, ],
[1306.35, 1287.47, 1295.49, 1294.09, 1289.20, 1299.29, 1288.26, 1295.62, 1295.33, 1290.43, 1286.30, 1321.93, 1313.03, 1292.06, 1299.03, 1305.29, 1397.51, 1305.58, 1351.74, 1420.69, 1317.32, 1291.72, 1307.56, 1308.10, 1295.26, 1327.64, 1291.44, 1293.54, 1291.18, 1295.98, 1312.69, 1302.30, ],
[1288.80, 1281.44, 1286.57, 1279.91, 1285.75, 1293.85, 1283.89, 1282.77, 1289.06, 1282.07, 1285.76, 1277.81, 1286.01, 1280.73, 1288.45, 1281.74, 1286.08, 1284.05, 1285.75, 1276.84, 1289.57, 1291.49, 1282.99, 1278.68, 1297.10, 1288.12, 1297.55, 1281.40, 1294.08, 1281.76, 1295.15, 1282.29, ],
[1287.42, 1303.08, 1285.69, 1289.97, 1281.97, 1282.65, 1297.33, 1295.26, 1307.73, 1291.91, 1297.40, 1282.94, 1283.85, 1279.61, 1281.45, 1277.56, 1285.88, 1286.79, 1287.06, 1294.30, 1284.97, 1279.27, 1291.22, 1282.67, 1298.24, 1286.96, 1291.07, 1279.27, 1296.46, 1286.90, 1311.08, 1287.03, ],
[1295.66, 1299.06, 1299.45, 1299.97, 1284.01, 1290.45, 1298.69, 1290.17, 1298.07, 1296.10, 1283.48, 1301.70, 1332.06, 1340.02, 1297.86, 1296.72, 1291.04, 1302.02, 1313.63, 1286.96, 1284.52, 1300.69, 1317.87, 1301.76, 1294.05, 1290.37, 1302.06, 1292.93, 1289.20, 1293.38, 1297.58, 1388.38, ],
[1299.98, 1301.01, 1290.81, 1282.24, 1288.55, 1288.15, 1322.00, 1331.54, 1288.93, 1281.84, 1308.67, 1280.90, 1322.16, 1297.08, 1302.12, 1276.56, 1301.41, 1284.73, 1290.89, 1285.55, 1283.02, 1282.09, 1287.79, 1280.30, 1323.85, 1287.82, 1286.34, 1296.84, 1288.71, 1352.39, 1324.27, 1304.87, ],
[1284.46, 1288.36, 1285.35, 1285.46, 1296.03, 1311.15, 1305.13, 1319.30, 1334.72, 1286.42, 1287.83, 1282.33, 1284.63, 1280.60, 1284.22, 1279.31, 1285.01, 1282.62, 1304.43, 1289.52, 1316.85, 1326.58, 1301.51, 1341.51, 1311.59, 1297.17, 1289.46, 1282.02, 1299.93, 1287.55, 1282.82, 1293.22, ],
[1354.94, 1308.52, 1291.95, 1369.26, 1372.29, 1299.30, 1328.09, 1366.60, 1293.41, 1333.66, 1299.82, 1294.79, 1300.22, 1311.00, 1296.16, 1327.98, 1301.62, 1322.58, 1310.14, 1323.65, 1333.98, 1313.38, 1289.32, 1368.83, 1306.90, 1313.52, 1346.59, 1323.97, 1291.17, 1335.83, 1318.02, 1295.92, ],
[1412.77, 1305.46, 1455.90, 1349.57, 1314.64, 1665.00, 2025.46, 1314.84, 1594.66, 1356.59, 1358.73, 1347.97, 1455.81, 1645.46, 1668.69, 1520.77, 1301.45, 1409.25, 1320.59, 1316.59, 1325.47, 1569.06, 1336.27, 1359.43, 1330.44, 1311.91, 1393.08, 1288.50, 1292.19, 1354.08, 1337.17, 1316.53, ],
[1301.63, 1287.66, 1294.39, 1293.66, 1302.34, 1291.55, 1372.62, 1383.04, 1353.75, 1297.90, 1313.45, 1284.76, 1292.26, 1300.00, 1292.18, 1317.96, 1429.70, 1445.01, 1412.79, 1295.29, 1312.56, 1323.22, 1297.38, 1332.88, 1295.12, 1306.64, 1318.13, 1299.73, 1290.23, 1299.37, 1354.29, 1296.69, ],
[1307.98, 1335.34, 1304.99, 1312.98, 1293.00, 1304.12, 1341.13, 1313.77, 1292.06, 1329.68, 1392.80, 1310.33, 1385.09, 1375.88, 1292.18, 1323.19, 1306.92, 1306.71, 1309.08, 1329.65, 1294.10, 1308.44, 1297.73, 1300.63, 1294.65, 1314.99, 1373.12, 1392.45, 1297.30, 1323.07, 1297.19, 1297.71, ],
[1329.75, 1305.59, 1298.74, 1317.53, 1300.39, 1298.00, 1296.92, 1305.60, 1308.18, 1316.01, 1303.00, 1296.81, 1293.01, 1314.69, 1308.36, 1299.09, 1293.43, 1318.44, 1292.94, 1308.15, 1291.73, 1307.16, 1314.29, 1321.67, 1298.12, 1299.12, 1332.30, 1303.15, 1295.11, 1299.75, 1299.57, 1299.74, ],
[1299.13, 1292.58, 1287.35, 1301.11, 1327.78, 1291.76, 1287.67, 1297.13, 1291.04, 1289.85, 1291.45, 1286.14, 1324.84, 1310.03, 1355.68, 1323.48, 1292.56, 1288.09, 1292.82, 1294.55, 1320.99, 1318.07, 1329.56, 1287.65, 1311.63, 1293.86, 1293.66, 1295.33, 1318.42, 1299.45, 1297.25, 1308.61, ],
[1316.18, 1325.98, 1333.72, 1297.06, 1295.76, 1312.32, 1291.44, 1310.13, 1291.25, 1299.16, 1293.61, 1286.79, 1313.98, 1286.94, 1313.10, 1295.73, 1295.64, 1287.59, 1296.43, 1300.04, 1308.47, 1292.34, 1286.90, 1298.64, 1298.00, 1286.47, 1294.12, 1287.60, 1316.25, 1309.69, 1299.28, 1286.16, ],
[1307.71, 1305.24, 1293.88, 1308.50, 1332.53, 1331.66, 1295.60, 1305.56, 1308.65, 1314.36, 1325.42, 1312.94, 1295.23, 1310.35, 1315.19, 1298.74, 1299.97, 1303.61, 1300.71, 1306.53, 1290.90, 1333.55, 1350.36, 1298.14, 1305.46, 1318.62, 1314.04, 1320.17, 1324.59, 1411.45, 1304.14, 1347.48, ],
[1289.69, 1299.51, 1302.85, 1309.92, 1289.52, 1305.97, 1298.17, 1295.24, 1298.67, 1300.03, 1294.75, 1301.54, 1310.11, 1295.17, 1292.42, 1298.52, 1298.19, 1297.03, 1315.46, 1307.25, 1288.34, 1314.55, 1295.03, 1318.57, 1305.44, 1328.96, 1298.41, 1295.33, 1321.88, 1310.64, 1333.75, 1292.56, ],
[1323.80, 1329.37, 1303.31, 1306.71, 1304.19, 1317.90, 1288.75, 1300.79, 1331.34, 1324.27, 1296.19, 1287.99, 1288.18, 1300.33, 1286.38, 1296.78, 1308.57, 1290.85, 1301.25, 1288.82, 1288.62, 1375.20, 1295.95, 1285.33, 1300.62, 1318.10, 1298.58, 1293.84, 1316.26, 1287.90, 1289.45, 1287.18, ],
[1296.87, 1327.20, 1293.55, 1323.47, 1303.24, 1292.45, 1305.68, 1299.06, 1307.80, 1311.49, 1320.29, 1297.02, 1277.83, 1279.28, 1303.38, 1292.02, 1287.35, 1299.00, 1302.38, 1285.42, 1284.54, 1290.81, 1303.09, 1293.00, 1289.79, 1284.30, 1289.13, 1291.00, 1280.79, 1290.11, 1289.30, 1284.39, ],
[1298.02, 1293.14, 1300.19, 1308.63, 1308.04, 1292.67, 1295.99, 1299.69, 1299.91, 1315.01, 1334.13, 1291.81, 1323.79, 1292.20, 1296.61, 1283.82, 1294.49, 1295.44, 1298.97, 1296.69, 1298.20, 1293.34, 1301.46, 1296.08, 1298.40, 1290.89, 1295.30, 1303.39, 1295.83, 1302.29, 1305.49, 1335.86, ],
[1296.46, 1302.28, 1310.16, 1292.56, 1309.00, 1290.20, 1310.57, 1293.23, 1311.25, 1299.24, 1308.44, 1332.12, 1336.91, 1296.61, 1299.93, 1344.79, 1302.20, 1312.32, 1293.87, 1298.47, 1310.02, 1339.21, 1301.34, 1300.30, 1346.09, 1292.11, 1302.32, 1317.26, 1341.07, 1294.60, 1303.73, 1296.74, ],
[1337.97, 1382.03, 1356.26, 1310.92, 1300.31, 1306.13, 1298.70, 1292.40, 1298.23, 1318.95, 1290.95, 1294.94, 1287.43, 1305.25, 1291.06, 1295.65, 1291.58, 1308.09, 1291.41, 1305.44, 1291.68, 1312.67, 1286.40, 1295.12, 1286.58, 1308.70, 1288.64, 1301.12, 1286.34, 1297.51, 1290.85, 1298.04, ],
[1285.99, 1288.46, 1285.45, 1304.69, 1301.89, 1289.66, 1315.93, 1300.82, 1289.08, 1290.83, 1296.75, 1291.63, 1287.05, 1348.12, 1292.38, 1343.47, 1294.49, 1288.50, 1302.14, 1301.27, 1296.63, 1291.15, 1293.76, 1312.41, 1288.81, 1302.92, 1287.33, 1294.78, 1324.21, 1294.52, 1297.13, 1302.86, ],
[1309.71, 1293.86, 1300.45, 1312.64, 1300.06, 1294.29, 1304.10, 1300.37, 1327.41, 1302.79, 1307.22, 1308.11, 1325.65, 1311.65, 1297.96, 1295.88, 1329.02, 1309.40, 1302.85, 1301.08, 1309.35, 1332.06, 1295.90, 1327.74, 1307.99, 1304.78, 1293.68, 1306.94, 1340.80, 1302.46, 1330.02, 1304.44, ],
[1315.38, 1298.34, 1302.50, 1299.19, 1299.75, 1296.64, 1305.55, 1312.93, 1321.96, 1296.31, 1304.58, 1296.06, 1306.53, 1299.69, 1302.23, 1303.16, 1300.94, 1300.50, 1304.83, 1298.57, 1302.11, 1301.66, 1304.19, 1295.96, 1302.14, 1301.35, 1302.73, 1297.78, 1306.91, 1303.24, 1303.39, 1295.69, ],
[1293.92, 1304.55, 1290.22, 1295.39, 1304.57, 1290.04, 1292.22, 1290.98, 1288.49, 1332.28, 1305.89, 1292.73, 1288.60, 1293.80, 1291.01, 1294.53, 1289.14, 1292.39, 1292.85, 1296.36, 1300.32, 1295.26, 1291.74, 1295.58, 1289.94, 1294.98, 1294.15, 1293.64, 1294.99, 1298.67, 1292.19, 1293.95, ],
[1305.56, 1297.00, 1303.91, 1299.03, 1300.79, 1301.25, 1327.99, 1297.63, 1303.19, 1312.33, 1303.46, 1297.79, 1303.83, 1313.83, 1301.65, 1294.43, 1305.94, 1302.80, 1307.70, 1295.28, 1303.07, 1301.81, 1308.07, 1313.46, 1301.24, 1300.88, 1309.38, 1305.49, 1305.67, 1318.57, 1305.06, 1307.19, ],
[1312.00, 1307.88, 1305.70, 1314.74, 1307.06, 1298.72, 1303.25, 1297.96, 1311.17, 1319.99, 1310.25, 1308.58, 1324.69, 1317.70, 1305.06, 1298.61, 1319.37, 1298.37, 1304.36, 1309.89, 1317.04, 1303.61, 1304.25, 1307.56, 1324.62, 1323.56, 1309.50, 1302.43, 1305.06, 1299.48, 1315.53, 1307.07, ],
[1307.76, 1298.07, 1304.42, 1303.74, 1303.26, 1301.01, 1328.70, 1312.97, 1307.93, 1297.61, 1303.53, 1307.04, 1304.21, 1296.01, 1305.01, 1306.97, 1304.39, 1294.32, 1304.21, 1299.49, 1312.56, 1297.99, 1306.12, 1293.25, 1314.07, 1306.03, 1319.31, 1318.64, 1312.05, 1295.97, 1306.16, 1299.99, ],
[1316.24, 1315.86, 1301.70, 1294.98, 1299.15, 1338.57, 1300.09, 1315.55, 1299.67, 1300.19, 1302.30, 1304.60, 1303.27, 1308.80, 1290.86, 1313.27, 1304.22, 1309.29, 1290.08, 1301.04, 1302.88, 1297.78, 1328.87, 1311.43, 1293.91, 1325.95, 1296.70, 1299.12, 1292.85, 1298.84, 1305.82, 1308.18, ],
[1339.69, 1376.12, 1321.89, 1337.85, 1309.72, 1337.78, 1354.80, 1391.22, 1317.22, 1319.50, 1326.59, 1314.95, 1312.55, 1333.04, 1350.87, 1317.60, 1310.68, 1310.58, 1327.37, 1336.53, 1317.08, 1316.28, 1313.75, 1302.07, 1344.76, 1325.83, 1304.01, 1303.38, 1311.04, 1323.71, 1307.02, 1305.32, ],
[1307.59, 1316.24, 1307.74, 1316.22, 1311.40, 1306.73, 1330.39, 1316.63, 1311.66, 1322.62, 1313.46, 1312.56, 1308.67, 1305.42, 1321.69, 1309.52, 1311.35, 1307.81, 1316.54, 1313.17, 1323.68, 1304.16, 1313.59, 1311.90, 1309.86, 1312.69, 1307.04, 1309.68, 1303.75, 1337.50, 1307.67, 1322.28, ],
[1338.76, 1338.57, 1312.06, 1328.50, 1332.33, 1320.10, 1399.33, 1333.53, 1368.60, 1340.55, 1363.75, 1328.23, 1323.37, 1327.81, 1318.38, 1302.09, 1308.38, 1303.07, 1315.15, 1302.74, 1329.79, 1329.70, 1321.15, 1332.98, 1342.42, 1312.18, 1489.26, 1370.87, 1451.16, 1365.02, 1349.50, 1337.21, ],
[1317.74, 1313.00, 1301.92, 1307.14, 1311.94, 1298.32, 1303.03, 1310.56, 1299.86, 1309.40, 1312.74, 1304.46, 1299.53, 1320.60, 1306.80, 1298.32, 1302.01, 1298.45, 1301.78, 1303.06, 1306.27, 1319.57, 1306.41, 1300.85, 1300.50, 1305.81, 1301.42, 1297.10, 1297.82, 1304.53, 1317.34, 1293.96, ],
[1298.98, 1308.42, 1300.09, 1322.75, 1296.79, 1309.23, 1315.45, 1324.34, 1296.30, 1310.46, 1299.06, 1346.79, 1309.51, 1373.00, 1336.33, 1328.29, 1304.68, 1318.29, 1337.55, 1371.91, 1317.51, 1310.89, 1388.06, 1322.55, 1349.09, 1334.07, 1614.32, 1523.72, 1434.08, 1496.71, 1405.50, 1551.67, ],
[1305.02, 1305.49, 1328.76, 1320.64, 1314.62, 1304.23, 1310.45, 1307.49, 1312.11, 1304.14, 1303.28, 1334.30, 1312.87, 1306.99, 1306.52, 1314.58, 1304.31, 1306.63, 1317.13, 1308.80, 1329.68, 1309.61, 1307.08, 1311.06, 1309.51, 1305.15, 1304.64, 1317.03, 1307.09, 1304.50, 1307.63, 1309.96, ],
[1306.76, 1298.86, 1301.12, 1312.33, 1332.77, 1300.01, 1310.20, 1316.62, 1305.07, 1302.01, 1303.02, 1339.07, 1362.98, 1313.44, 1312.93, 1300.88, 1317.68, 1327.70, 1317.54, 1305.02, 1333.57, 1306.37, 1304.18, 1302.27, 1311.46, 1331.71, 1359.97, 1303.68, 1306.10, 1309.53, 1312.16, 1306.24, ],
[1305.31, 1305.62, 1299.37, 1320.83, 1314.54, 1295.35, 1306.75, 1295.94, 1301.15, 1307.28, 1325.32, 1309.95, 1294.24, 1308.76, 1309.96, 1301.64, 1307.37, 1312.79, 1300.72, 1309.94, 1299.02, 1352.24, 1306.84, 1296.79, 1311.78, 1313.12, 1316.98, 1299.65, 1299.19, 1305.84, 1317.33, 1305.38, ],
[1303.42, 1311.47, 1308.71, 1334.08, 1318.13, 1307.28, 1306.24, 1311.59, 1308.85, 1307.20, 1300.43, 1321.42, 1297.16, 1315.92, 1303.35, 1326.77, 1300.42, 1313.73, 1302.61, 1314.61, 1294.67, 1308.15, 1299.54, 1307.43, 1303.40, 1318.40, 1308.87, 1314.20, 1302.33, 1313.07, 1323.53, 1326.83, ],
[1353.50, 1328.99, 1309.23, 1323.18, 1308.41, 1312.95, 1334.21, 1311.69, 1331.81, 1345.81, 1365.73, 1317.85, 1304.63, 1323.46, 1301.72, 1359.87, 1308.15, 1307.53, 1309.86, 1325.28, 1326.61, 1316.51, 1307.06, 1355.41, 1311.20, 1325.63, 1320.28, 1311.15, 1335.12, 1315.73, 1369.40, 1320.26, ],
[1320.99, 1362.18, 1329.11, 1351.33, 1314.99, 1307.93, 1302.48, 1343.85, 1306.19, 1431.94, 1302.60, 1347.73, 1307.75, 1364.76, 1309.41, 1346.61, 1312.45, 1324.99, 1304.44, 1333.58, 1318.08, 1443.52, 1316.05, 1482.48, 1319.79, 1427.50, 1307.72, 1365.00, 1301.11, 1317.60, 1313.12, 1364.09, ],
[1305.94, 1310.81, 1358.03, 1295.39, 1306.42, 1314.90, 1305.83, 1300.31, 1309.18, 1322.32, 1363.24, 1300.63, 1385.99, 1329.47, 1397.85, 1298.08, 1305.15, 1299.48, 1303.56, 1307.44, 1309.96, 1296.30, 1329.81, 1330.14, 1307.55, 1318.68, 1386.51, 1326.70, 1319.42, 1299.91, 1305.43, 1298.34, ],
[1317.99, 1331.51, 1314.68, 1312.53, 1303.20, 1305.39, 1303.29, 1301.99, 1317.44, 1301.82, 1331.03, 1323.42, 1312.60, 1297.16, 1327.00, 1304.59, 1309.95, 1300.90, 1314.13, 1300.92, 1311.26, 1300.77, 1307.12, 1298.21, 1308.13, 1299.60, 1301.46, 1301.16, 1323.32, 1307.60, 1316.07, 1315.18, ],
[1312.84, 1330.33, 1306.02, 1313.20, 1312.18, 1320.15, 1310.17, 1329.70, 1371.23, 1314.31, 1321.47, 1310.46, 1327.69, 1309.96, 1327.71, 1312.60, 1316.39, 1311.56, 1305.67, 1322.05, 1310.79, 1312.27, 1304.42, 1313.35, 1304.31, 1312.39, 1306.10, 1334.49, 1305.63, 1313.02, 1308.98, 1308.99, ],
[1331.34, 1303.62, 1332.06, 1341.28, 1318.83, 1416.01, 1302.25, 1300.80, 1309.91, 1301.23, 1301.06, 1302.56, 1300.95, 1310.18, 1310.22, 1324.96, 1302.17, 1311.66, 1309.46, 1313.52, 1304.54, 1301.88, 1302.94, 1310.33, 1298.90, 1299.40, 1303.57, 1317.24, 1309.95, 1304.10, 1317.87, 1297.46, ],
[1308.76, 1299.69, 1340.63, 1330.53, 1314.16, 1311.55, 1306.86, 1296.95, 1304.94, 1319.01, 1311.38, 1298.81, 1308.39, 1299.33, 1319.36, 1307.87, 1309.58, 1303.95, 1305.29, 1309.93, 1307.75, 1300.55, 1313.52, 1321.62, 1316.51, 1301.40, 1305.29, 1298.27, 1312.57, 1309.48, 1322.15, 1321.18, ],
[1318.72, 1311.36, 1315.30, 1320.73, 1304.76, 1311.65, 1308.55, 1314.05, 1307.60, 1312.21, 1308.43, 1319.58, 1309.34, 1313.64, 1317.49, 1308.66, 1308.82, 1307.17, 1306.71, 1315.73, 1322.25, 1321.63, 1308.05, 1315.02, 1321.87, 1317.12, 1328.36, 1314.96, 1314.81, 1316.51, 1342.90, 1310.64, ],
[1315.78, 1323.24, 1303.42, 1319.61, 1306.00, 1319.00, 1304.43, 1310.08, 1307.52, 1313.09, 1302.21, 1307.39, 1299.65, 1337.94, 1312.98, 1310.29, 1313.35, 1311.98, 1331.75, 1312.66, 1301.19, 1311.92, 1304.45, 1318.07, 1332.38, 1308.70, 1318.73, 1314.53, 1301.32, 1310.56, 1301.16, 1313.83, ],
[1304.78, 1305.14, 1314.11, 1300.16, 1314.61, 1322.80, 1307.40, 1314.45, 1313.31, 1301.16, 1304.50, 1315.02, 1318.16, 1302.81, 1305.99, 1332.27, 1396.50, 1318.02, 1308.84, 1306.14, 1320.81, 1367.77, 1325.31, 1309.52, 1332.87, 1299.67, 1308.90, 1306.70, 1307.93, 1312.83, 1315.25, 1305.52, ],
[1303.81, 1309.12, 1306.85, 1309.93, 1307.69, 1331.54, 1343.66, 1310.91, 1309.37, 1314.89, 1311.19, 1338.34, 1306.27, 1317.08, 1311.67, 1311.63, 1314.29, 1315.51, 1307.07, 1318.28, 1329.92, 1315.42, 1315.44, 1314.70, 1305.96, 1316.13, 1306.75, 1317.58, 1315.64, 1320.42, 1307.27, 1307.85, ],
[1319.44, 1342.64, 1318.45, 1317.52, 1305.79, 1456.54, 1372.18, 1469.05, 1453.35, 1323.61, 1368.54, 1352.12, 1370.16, 1327.81, 1378.64, 1379.43, 1331.28, 1358.17, 1346.10, 1365.67, 1336.89, 1442.91, 1330.58, 1319.52, 1348.66, 1364.73, 1322.98, 1364.10, 1369.43, 1310.22, 1306.39, 1304.76, ],
[1328.08, 1334.08, 1314.73, 1313.17, 1334.29, 1309.73, 1311.38, 1308.91, 1313.65, 1323.39, 1337.34, 1319.06, 1313.17, 1307.08, 1313.20, 1314.91, 1320.55, 1327.14, 1327.55, 1322.85, 1348.56, 1323.35, 1357.03, 1370.11, 1366.93, 1368.93, 1346.70, 1348.22, 1332.71, 1324.83, 1339.06, 1328.44, ],
[1305.48, 1301.92, 1298.84, 1300.91, 1313.81, 1313.27, 1315.28, 1301.39, 1314.95, 1326.83, 1298.60, 1299.77, 1297.22, 1299.11, 1317.80, 1301.92, 1298.46, 1298.17, 1302.89, 1318.43, 1306.61, 1296.42, 1304.17, 1310.87, 1296.47, 1298.84, 1300.23, 1298.89, 1302.55, 1299.22, 1312.57, 1325.21, ],
[1321.23, 1319.20, 1320.90, 1300.51, 1318.76, 1311.55, 1314.53, 1305.98, 1342.62, 1303.84, 1328.47, 1324.15, 1318.03, 1327.13, 1314.78, 1310.78, 1353.63, 1330.52, 1326.08, 1325.07, 1319.85, 1324.62, 1366.88, 1309.87, 1327.03, 1326.36, 1309.75, 1323.52, 1375.43, 1312.09, 1325.27, 1344.07, ],
[1314.60, 1330.87, 1327.33, 1308.65, 1346.70, 1313.57, 1320.30, 1325.06, 1375.06, 1316.12, 1309.93, 1309.43, 1317.59, 1316.38, 1323.05, 1310.09, 1313.54, 1370.59, 1325.57, 1342.86, 1315.46, 1327.37, 1320.73, 1337.16, 1321.71, 1306.98, 1317.95, 1311.26, 1315.84, 1318.97, 1315.11, 1352.28, ],
[1309.31, 1309.38, 1304.71, 1306.98, 1304.67, 1329.78, 1303.67, 1313.78, 1303.90, 1321.36, 1303.89, 1314.30, 1333.17, 1315.70, 1302.49, 1321.43, 1304.47, 1308.00, 1303.80, 1310.86, 1310.42, 1312.86, 1309.25, 1310.16, 1314.41, 1312.50, 1309.07, 1308.23, 1299.13, 1327.63, 1302.66, 1313.18, ],
[1297.41, 1302.02, 1297.49, 1301.69, 1300.20, 1302.86, 1301.81, 1299.38, 1306.15, 1317.24, 1310.87, 1304.71, 1301.82, 1303.04, 1296.24, 1299.01, 1303.73, 1300.35, 1302.32, 1305.40, 1298.81, 1300.04, 1305.11, 1302.07, 1298.27, 1305.48, 1294.75, 1299.75, 1295.95, 1299.11, 1295.42, 1311.70, ],
[1312.99, 1305.32, 1314.30, 1308.06, 1313.83, 1308.92, 1308.68, 1301.13, 1312.63, 1305.15, 1310.96, 1321.52, 1319.84, 1315.63, 1312.85, 1302.80, 1318.29, 1318.59, 1312.36, 1307.94, 1312.15, 1303.50, 1315.28, 1308.09, 1314.69, 1312.54, 1310.01, 1313.69, 1313.77, 1316.46, 1322.55, 1305.72, ],
[1310.13, 1302.79, 1316.54, 1310.22, 1343.88, 1311.03, 1331.03, 1307.78, 1317.04, 1313.59, 1323.39, 1305.41, 1311.70, 1330.25, 1317.57, 1309.37, 1308.82, 1307.99, 1317.56, 1301.97, 1318.43, 1303.97, 1316.04, 1304.69, 1337.07, 1303.49, 1308.51, 1306.65, 1307.67, 1312.57, 1318.33, 1303.04, ],
[1292.22, 1302.36, 1311.51, 1307.56, 1296.80, 1301.08, 1297.47, 1308.45, 1291.09, 1295.73, 1293.84, 1298.60, 1299.46, 1297.93, 1294.14, 1299.84, 1296.59, 1300.45, 1305.65, 1311.13, 1299.85, 1308.43, 1299.70, 1304.14, 1310.14, 1301.43, 1308.82, 1299.61, 1295.36, 1297.85, 1300.55, 1299.82, ],
[1299.53, 1331.34, 1304.40, 1297.57, 1301.58, 1312.13, 1298.13, 1300.50, 1295.03, 1317.98, 1301.54, 1298.07, 1308.73, 1308.58, 1296.11, 1305.54, 1307.22, 1304.26, 1291.27, 1309.36, 1301.41, 1305.72, 1295.56, 1307.98, 1291.65, 1301.93, 1294.73, 1309.63, 1293.68, 1299.59, 1295.72, 1304.89, ],
[1321.81, 1304.52, 1307.98, 1302.89, 1329.05, 1313.73, 1303.96, 1301.43, 1314.44, 1316.20, 1337.83, 1306.95, 1313.63, 1303.68, 1316.02, 1321.23, 1304.09, 1303.65, 1313.21, 1302.79, 1314.31, 1301.16, 1304.66, 1307.39, 1303.92, 1364.02, 1306.68, 1305.81, 1308.96, 1310.33, 1306.49, 1301.00, ],
[1303.85, 1325.09, 1292.16, 1298.16, 1293.66, 1303.94, 1296.45, 1297.79, 1294.95, 1304.57, 1292.62, 1295.93, 1291.51, 1312.70, 1288.82, 1294.61, 1295.19, 1301.87, 1291.55, 1297.68, 1292.34, 1295.63, 1300.94, 1296.15, 1292.91, 1294.46, 1291.51, 1299.49, 1312.05, 1294.13, 1292.13, 1294.72, ],
[1303.94, 1304.03, 1303.01, 1356.56, 1295.76, 1301.79, 1297.05, 1300.92, 1296.06, 1301.65, 1295.34, 1298.51, 1293.13, 1304.81, 1297.13, 1324.83, 1300.07, 1332.70, 1331.71, 1301.77, 1294.19, 1301.20, 1294.70, 1313.38, 1293.69, 1304.08, 1309.51, 1329.78, 1312.94, 1315.32, 1295.08, 1310.25, ],
[1307.12, 1306.81, 1309.86, 1304.92, 1320.48, 1309.67, 1309.66, 1312.91, 1309.45, 1314.09, 1337.08, 1326.26, 1333.29, 1311.87, 1317.18, 1306.64, 1311.86, 1311.44, 1307.21, 1311.96, 1340.07, 1313.94, 1313.24, 1310.63, 1309.15, 1305.51, 1310.96, 1310.11, 1316.84, 1301.42, 1311.34, 1304.14, ],
[1299.91, 1322.44, 1330.49, 1317.85, 1303.46, 1310.77, 1304.21, 1301.65, 1311.97, 1321.77, 1298.89, 1306.58, 1308.85, 1313.69, 1302.34, 1304.63, 1309.51, 1314.39, 1310.18, 1326.00, 1320.18, 1315.15, 1296.51, 1331.69, 1303.40, 1326.14, 1307.56, 1314.96, 1335.12, 1307.85, 1301.99, 1311.95, ],
[1299.79, 1318.91, 1303.37, 1300.44, 1319.55, 1322.16, 1321.43, 1306.44, 1305.06, 1314.35, 1301.09, 1305.77, 1307.02, 1310.27, 1323.86, 1330.65, 1294.61, 1322.07, 1307.27, 1325.78, 1319.62, 1322.23, 1304.68, 1309.76, 1308.52, 1306.41, 1314.68, 1314.57, 1311.87, 1305.04, 1305.74, 1313.77, ],
[1351.16, 1311.76, 1317.43, 1320.02, 1315.68, 1312.67, 1325.51, 1321.89, 1313.79, 1317.82, 1320.24, 1324.97, 1310.50, 1313.26, 1311.63, 1308.38, 1316.12, 1319.47, 1321.31, 1309.34, 1312.99, 1313.21, 1315.33, 1311.36, 1319.97, 1342.85, 1317.21, 1318.87, 1312.72, 1314.31, 1313.71, 1343.73, ],
[1326.70, 1321.38, 1316.47, 1311.58, 1319.94, 1306.88, 1333.20, 1305.92, 1319.22, 1308.42, 1336.92, 1370.36, 1322.09, 1301.40, 1323.22, 1317.30, 1306.31, 1327.90, 1313.64, 1307.78, 1342.85, 1340.69, 1318.56, 1304.76, 1319.84, 1311.82, 1309.57, 1309.16, 1328.70, 1308.27, 1322.18, 1350.03, ],
[1304.09, 1302.81, 1293.78, 1324.32, 1323.63, 1306.31, 1303.08, 1319.19, 1309.68, 1309.38, 1351.28, 1385.76, 1297.11, 1337.66, 1309.74, 1311.29, 1319.34, 1309.18, 1315.18, 1301.06, 1328.15, 1315.13, 1307.72, 1301.48, 1309.66, 1309.95, 1299.67, 1308.55, 1317.40, 1299.81, 1308.24, 1306.04, ],
[1312.36, 1311.81, 1296.52, 1306.76, 1302.64, 1346.63, 1334.11, 1307.62, 1308.58, 1322.15, 1322.22, 1308.40, 1310.41, 1319.93, 1297.08, 1300.89, 1309.56, 1328.13, 1318.08, 1303.83, 1317.98, 1325.64, 1301.82, 1336.80, 1300.52, 1316.90, 1306.66, 1303.84, 1346.67, 1331.15, 1315.01, 1321.61, ],
[1318.72, 1313.14, 1315.29, 1320.54, 1318.70, 1308.35, 1310.89, 1313.22, 1312.49, 1308.72, 1317.01, 1318.60, 1311.84, 1309.75, 1314.53, 1310.64, 1313.02, 1310.04, 1308.38, 1314.16, 1313.45, 1320.69, 1313.49, 1323.28, 1318.03, 1313.15, 1316.02, 1320.33, 1315.32, 1312.29, 1320.25, 1312.74, ],
[1315.09, 1304.41, 1312.76, 1334.13, 1316.68, 1317.00, 1317.36, 1320.67, 1337.18, 1307.45, 1326.75, 1316.73, 1317.14, 1308.50, 1312.92, 1307.23, 1314.08, 1311.89, 1315.79, 1306.10, 1307.80, 1303.03, 1310.60, 1303.75, 1322.30, 1337.30, 1311.11, 1385.30, 1367.64, 1325.94, 1561.73, 1317.24, ],
[1324.52, 1298.13, 1311.28, 1307.94, 1309.49, 1302.90, 1315.89, 1323.00, 1307.22, 1309.24, 1314.70, 1357.28, 1313.99, 1323.06, 1341.62, 1324.88, 1309.33, 1348.31, 1417.73, 1314.52, 1310.75, 1336.27, 1351.73, 1320.84, 1301.77, 1324.72, 1327.98, 1316.58, 1309.20, 1310.64, 1335.16, 1356.39, ],
[1483.76, 1436.01, 1229.36, 1278.62, 1444.79, 1381.18, 1310.66, 1419.42, 1404.38, 1354.75, 1326.12, 1314.91, 1230.74, 1278.57, 1278.55, 1271.22, 1450.21, 1418.22, 1393.63, 1386.71, 1390.19, 1318.20, 1202.73, 1189.16, 1074.58, 1163.36, 1295.83, 1307.61, 1175.63, 1179.18, 1051.15, 1071.21, ],
[1003.57, 948.34, 952.86, 942.07, 944.17, 933.50, 942.58, 952.34, 962.86, 928.80, 943.73, 939.42, 929.10, 947.17, 943.84, 931.05, 931.53, 928.34, 925.68, 924.92, 923.39, 929.95, 931.91, 934.74, 924.33, 927.78, 928.41, 934.78, 936.62, 959.31, 942.99, 942.50, ],
# === Voice data end ===
