#3000

# === Voice data start ===
[5792.62, 5792.62, 5792.62, 5792.62, 5792.62, 5792.62, 5720.54, 5370.22, 5073.74, 5079.47, 4840.80, 4718.26, 4494.31, 4160.47, 3868.32, 3973.81, 3680.75, 3537.35, 3631.05, 3123.96, 2685.27, 3021.44, 3168.93, 3214.18, 3161.25, 3052.20, 3196.70, 2807.56, 2650.48, 2846.22, 2582.72, 2543.04, ],
[3086.57, 3170.64, 3203.13, 3182.63, 3017.53, 2866.41, 2651.82, 2504.13, 2324.37, 2263.81, 2289.60, 2350.26, 2508.86, 2650.65, 2865.28, 2973.43, 3129.72, 3199.47, 3292.23, 3310.02, 3333.14, 3281.15, 3256.94, 3233.30, 3214.82, 3207.23, 3162.15, 3131.04, 3079.78, 3072.50, 2944.62, 2885.65, ],
[2862.59, 2861.63, 2855.14, 2850.48, 2848.98, 2845.78, 2844.55, 2838.33, 2839.74, 2818.84, 2806.35, 2799.89, 2777.89, 2768.13, 2756.64, 2757.91, 2742.11, 2729.50, 2733.55, 2717.30, 2709.96, 2703.87, 2708.10, 2694.64, 2691.86, 2701.54, 2694.60, 2703.78, 2713.46, 2705.19, 2721.75, 2709.35, ],
[2799.12, 2808.65, 2800.33, 2803.08, 2791.62, 2776.11, 2746.30, 2715.64, 2676.30, 2650.21, 2605.96, 2581.00, 2564.79, 2551.75, 2548.92, 2564.68, 2598.50, 2622.06, 2670.24, 2706.39, 2765.46, 2767.76, 2782.22, 2790.48, 2784.82, 2752.20, 2717.48, 2727.67, 2741.22, 2736.03, 2734.32, 2764.55, ],
[2621.79, 2445.45, 2453.26, 2712.79, 2815.92, 2919.58, 2956.95, 2883.03, 2757.89, 2681.32, 2736.07, 2753.75, 2706.13, 2890.88, 2838.86, 2626.35, 2723.68, 2858.53, 2868.00, 2884.86, 2980.70, 3037.23, 3046.15, 2911.59, 2936.19, 2804.78, 2758.94, 2854.32, 3048.87, 3053.89, 2939.88, 2906.44, ],
[3154.29, 3062.68, 3046.70, 3092.02, 3128.67, 3135.84, 3084.92, 3014.76, 3056.09, 3116.86, 3110.44, 3142.44, 3148.53, 3126.93, 3120.41, 3198.61, 3160.38, 3133.21, 3134.95, 3159.22, 3157.17, 3095.41, 3160.04, 3116.25, 3119.51, 3156.68, 3211.49, 3168.47, 3062.23, 3071.91, 3127.72, 3198.90, ],
[3151.96, 3150.70, 3162.63, 3161.35, 3169.55, 3174.75, 3200.48, 3173.56, 3172.34, 3157.43, 3161.62, 3137.20, 3155.88, 3168.67, 3157.41, 3156.56, 3153.97, 3145.90, 3149.54, 3133.03, 3123.63, 3131.15, 3144.82, 3168.34, 3173.60, 3198.41, 3202.84, 3203.16, 3193.70, 3169.29, 3162.62, 3180.70, ],
[3179.95, 3181.86, 3182.17, 3180.83, 3176.36, 3179.21, 3179.49, 3179.50, 3182.45, 3178.09, 3169.94, 3169.43, 3181.80, 3190.26, 3198.02, 3196.41, 3189.66, 3198.79, 3212.94, 3188.54, 3187.17, 3182.13, 3174.66, 3172.99, 3164.05, 3172.38, 3186.27, 3175.13, 3179.70, 3187.46, 3181.25, 3191.37, ],
[3185.13, 3188.22, 3187.19, 3172.38, 3181.32, 3179.86, 3179.28, 3185.24, 3184.63, 3185.83, 3183.05, 3185.47, 3178.89, 3181.79, 3183.39, 3200.15, 3180.37, 3189.68, 3176.40, 3170.06, 3171.75, 3185.63, 3184.76, 3182.06, 3182.63, 3174.82, 3179.29, 3171.48, 3170.42, 3170.24, 3171.61, 3171.89, ],
[3185.03, 3186.33, 3178.59, 3181.60, 3184.04, 3183.64, 3183.82, 3186.52, 3187.85, 3186.95, 3187.65, 3181.79, 3179.92, 3181.38, 3182.76, 3180.57, 3186.93, 3182.57, 3184.65, 3184.05, 3182.21, 3188.03, 3179.69, 3180.21, 3179.78, 3187.21, 3192.60, 3180.65, 3187.99, 3186.61, 3180.69, 3182.14, ],
[3208.54, 3197.41, 3186.63, 3218.61, 3194.23, 3221.20, 3192.70, 3190.85, 3182.58, 3187.24, 3188.28, 3188.93, 3208.27, 3184.59, 3191.78, 3197.30, 3185.36, 3188.42, 3199.78, 3192.70, 3189.79, 3198.18, 3194.25, 3188.73, 3191.31, 3184.15, 3185.97, 3185.91, 3192.93, 3192.22, 3195.88, 3194.86, ],
[3182.65, 3187.82, 3187.48, 3186.39, 3181.97, 3179.03, 3180.66, 3181.63, 3177.43, 3178.32, 3181.49, 3185.75, 3186.23, 3182.19, 3184.75, 3186.53, 3188.10, 3190.44, 3184.98, 3188.35, 3197.03, 3189.14, 3187.91, 3203.67, 3200.29, 3191.97, 3208.09, 3199.91, 3188.43, 3191.24, 3198.59, 3187.53, ],
[3181.23, 3187.61, 3184.62, 3181.49, 3191.58, 3191.32, 3188.22, 3202.67, 3201.65, 3193.16, 3193.25, 3194.03, 3198.11, 3196.90, 3188.11, 3188.89, 3187.48, 3191.33, 3183.33, 3197.23, 3187.97, 3183.33, 3191.52, 3180.73, 3182.21, 3183.22, 3191.63, 3193.53, 3195.63, 3190.38, 3192.89, 3192.46, ],
[3202.73, 3195.98, 3205.67, 3191.06, 3213.36, 3190.06, 3190.39, 3196.43, 3198.23, 3213.46, 3192.15, 3224.47, 3192.95, 3188.49, 3197.46, 3194.81, 3211.46, 3182.44, 3190.01, 3189.07, 3190.02, 3193.07, 3183.43, 3206.22, 3190.03, 3194.66, 3188.84, 3186.81, 3189.91, 3185.89, 3189.01, 3190.08, ],
[3184.63, 3185.30, 3200.68, 3177.80, 3182.02, 3188.24, 3184.31, 3182.61, 3183.67, 3183.37, 3191.65, 3186.91, 3188.12, 3187.41, 3187.42, 3192.83, 3190.17, 3200.65, 3190.28, 3193.69, 3197.26, 3192.56, 3189.95, 3198.74, 3188.30, 3186.49, 3189.94, 3186.31, 3181.82, 3181.71, 3186.91, 3187.47, ],
[3189.79, 3187.33, 3181.33, 3184.43, 3180.51, 3189.46, 3193.62, 3187.42, 3190.18, 3188.67, 3190.05, 3192.76, 3206.74, 3191.63, 3191.78, 3211.58, 3195.98, 3203.11, 3192.64, 3192.79, 3184.47, 3186.92, 3188.96, 3180.44, 3178.28, 3186.83, 3188.25, 3192.48, 3185.00, 3182.86, 3186.10, 3196.05, ],
[3191.34, 3196.64, 3181.54, 3198.86, 3198.34, 3195.99, 3192.41, 3188.20, 3197.79, 3204.99, 3195.09, 3187.43, 3186.64, 3186.69, 3184.51, 3185.68, 3187.46, 3188.08, 3184.33, 3195.30, 3186.25, 3199.06, 3188.10, 3187.69, 3192.68, 3192.05, 3187.98, 3186.58, 3183.28, 3186.24, 3185.30, 3187.56, ],
[3175.04, 3175.95, 3173.36, 3170.84, 3174.29, 3179.03, 3171.02, 3178.18, 3173.10, 3175.34, 3180.31, 3176.83, 3177.33, 3176.72, 3179.65, 3178.01, 3176.23, 3178.09, 3174.79, 3181.33, 3177.13, 3181.07, 3176.79, 3181.53, 3181.00, 3177.91, 3177.31, 3181.45, 3182.52, 3181.69, 3175.18, 3175.99, ],
[3178.67, 3175.12, 3179.36, 3182.74, 3176.93, 3182.34, 3183.91, 3190.27, 3182.43, 3186.00, 3177.46, 3186.53, 3182.00, 3174.04, 3178.36, 3177.66, 3178.22, 3180.91, 3177.15, 3178.73, 3182.29, 3177.76, 3182.88, 3195.06, 3180.47, 3204.08, 3175.48, 3180.36, 3188.49, 3184.79, 3176.44, 3179.95, ],
[3176.36, 3185.40, 3187.99, 3180.50, 3179.14, 3178.71, 3204.54, 3183.41, 3200.53, 3195.36, 3180.52, 3176.73, 3178.25, 3179.85, 3179.03, 3200.94, 3179.33, 3182.09, 3179.04, 3173.58, 3172.56, 3178.17, 3174.72, 3184.52, 3174.31, 3186.30, 3173.67, 3182.72, 3178.14, 3175.72, 3172.78, 3174.25, ],
[3191.38, 3216.79, 3246.56, 3178.97, 3408.10, 3209.49, 3369.08, 3240.82, 3202.25, 3269.42, 3176.53, 3203.08, 3180.93, 3294.13, 3182.00, 3240.95, 3208.22, 3231.53, 3200.11, 3179.23, 3277.48, 3174.58, 3253.04, 3239.27, 3192.67, 3295.62, 3205.29, 3174.63, 3229.20, 3232.61, 3191.41, 3184.31, ],
[3191.38, 3188.58, 3192.78, 3185.87, 3193.22, 3189.86, 3182.67, 3188.07, 3178.83, 3186.17, 3182.86, 3183.84, 3185.67, 3187.92, 3184.66, 3182.05, 3185.57, 3192.30, 3186.88, 3182.90, 3183.16, 3184.18, 3183.16, 3185.13, 3188.73, 3209.94, 3188.93, 3182.92, 3181.01, 3181.50, 3179.33, 3184.44, ],
[3177.14, 3177.55, 3202.89, 3193.35, 3176.15, 3179.39, 3177.98, 3176.08, 3178.36, 3184.51, 3209.62, 3184.04, 3188.28, 3187.06, 3190.80, 3199.13, 3181.84, 3179.71, 3189.26, 3183.86, 3185.19, 3200.09, 3192.08, 3187.16, 3185.24, 3185.24, 3181.09, 3181.96, 3193.88, 3188.90, 3180.26, 3191.38, ],
[3182.72, 3174.63, 3174.00, 3197.35, 3174.13, 3182.47, 3176.98, 3185.84, 3227.78, 3183.80, 3206.85, 3230.39, 3198.26, 3332.69, 3209.31, 3237.68, 3211.94, 3237.59, 3199.33, 3247.04, 3221.17, 3216.71, 3232.84, 3219.34, 3241.46, 3240.67, 3210.77, 3377.73, 3223.80, 3228.11, 3222.23, 3173.83, ],
[3195.67, 3189.95, 3182.12, 3215.51, 3233.62, 3268.35, 3208.49, 3225.80, 3243.01, 3211.65, 3188.83, 3232.52, 3215.08, 3221.05, 3197.13, 3216.91, 3213.32, 3259.15, 3196.74, 3197.46, 3205.86, 3222.06, 3196.03, 3204.02, 3211.53, 3203.21, 3196.19, 3182.87, 3217.21, 3203.52, 3189.19, 3222.17, ],
[3187.63, 3186.42, 3178.90, 3176.66, 3176.87, 3179.74, 3243.25, 3181.11, 3215.11, 3274.75, 3248.20, 3370.68, 3366.78, 3179.63, 3260.09, 3204.09, 3184.35, 3283.47, 3207.71, 3178.10, 3178.19, 3249.64, 3190.72, 3298.40, 3194.23, 3194.66, 3175.11, 3176.78, 3196.52, 3185.64, 3254.31, 3178.45, ],
[3168.21, 3175.07, 3183.68, 3178.30, 3173.39, 3169.98, 3170.31, 3181.93, 3167.70, 3174.50, 3194.46, 3177.69, 3184.91, 3188.05, 3171.73, 3174.43, 3172.27, 3173.99, 3170.86, 3164.97, 3178.09, 3174.56, 3172.89, 3204.05, 3174.05, 3172.19, 3174.93, 3176.62, 3168.23, 3169.31, 3168.52, 3174.71, ],
[3208.93, 3176.67, 3169.83, 3163.85, 3156.54, 3156.44, 3156.23, 3162.78, 3168.24, 3167.65, 3157.61, 3169.00, 3165.87, 3175.36, 3170.25, 3186.22, 3164.32, 3164.60, 3167.96, 3168.13, 3165.40, 3162.03, 3162.39, 3165.74, 3165.36, 3172.67, 3176.65, 3173.61, 3179.13, 3175.90, 3175.71, 3162.63, ],
[3164.48, 3162.54, 3195.50, 3182.90, 3157.57, 3163.29, 3157.06, 3158.58, 3160.09, 3157.89, 3161.78, 3160.95, 3170.52, 3174.95, 3164.08, 3181.83, 3172.45, 3182.33, 3272.36, 3177.84, 3240.59, 3343.46, 3168.52, 3236.39, 3175.88, 3216.79, 3173.79, 3174.47, 3201.65, 3195.63, 3239.18, 3166.27, ],
[3164.65, 3169.48, 3167.51, 3164.13, 3164.67, 3168.82, 3161.41, 3165.27, 3161.19, 3161.75, 3164.81, 3159.63, 3162.42, 3163.13, 3167.96, 3161.86, 3165.67, 3171.74, 3183.42, 3163.65, 3172.89, 3189.95, 3203.17, 3166.62, 3238.55, 3178.47, 3172.46, 3191.13, 3211.95, 3209.07, 3166.28, 3244.69, ],
[3168.66, 3162.82, 3164.75, 3165.90, 3169.77, 3166.73, 3172.46, 3168.00, 3177.56, 3169.87, 3174.45, 3180.71, 3169.89, 3165.55, 3169.20, 3167.07, 3168.53, 3166.58, 3174.51, 3172.66, 3172.67, 3166.80, 3168.79, 3168.84, 3169.61, 3173.20, 3166.92, 3172.23, 3169.43, 3168.56, 3162.24, 3166.85, ],
[3165.05, 3163.64, 3162.63, 3163.28, 3162.11, 3182.81, 3165.53, 3164.26, 3168.14, 3167.20, 3162.54, 3156.87, 3157.42, 3170.31, 3176.08, 3162.12, 3160.47, 3161.01, 3163.92, 3162.53, 3162.82, 3162.65, 3167.19, 3162.60, 3166.62, 3169.52, 3164.63, 3162.17, 3157.65, 3169.62, 3159.74, 3163.29, ],
[3165.80, 3166.55, 3185.23, 3177.81, 3171.12, 3168.48, 3172.28, 3169.08, 3163.10, 3164.08, 3164.66, 3169.13, 3161.93, 3164.52, 3168.48, 3169.51, 3172.14, 3167.76, 3167.88, 3170.42, 3167.55, 3175.98, 3179.72, 3169.29, 3166.26, 3168.12, 3166.27, 3168.04, 3163.29, 3166.13, 3183.64, 3182.48, ],
[3168.64, 3174.25, 3165.75, 3169.41, 3172.91, 3170.87, 3174.99, 3170.15, 3177.24, 3172.59, 3170.78, 3170.23, 3169.53, 3174.70, 3177.52, 3170.56, 3177.18, 3173.11, 3176.23, 3176.81, 3181.19, 3170.60, 3175.76, 3181.54, 3184.26, 3173.41, 3181.89, 3177.02, 3192.80, 3193.96, 3181.27, 3184.45, ],
[3175.88, 3171.84, 3163.39, 3160.80, 3168.22, 3167.36, 3165.48, 3165.77, 3173.57, 3167.45, 3171.58, 3163.25, 3170.93, 3172.24, 3165.36, 3169.01, 3177.66, 3167.49, 3166.56, 3166.76, 3161.10, 3164.66, 3163.20, 3165.41, 3161.43, 3159.59, 3163.70, 3166.29, 3160.91, 3162.29, 3160.79, 3165.18, ],
[3162.91, 3165.53, 3167.29, 3166.75, 3167.35, 3164.90, 3158.52, 3166.54, 3167.62, 3168.11, 3167.02, 3160.47, 3165.19, 3162.56, 3165.59, 3163.44, 3162.66, 3167.54, 3164.85, 3166.50, 3166.43, 3172.13, 3171.94, 3173.87, 3180.50, 3167.00, 3166.81, 3179.68, 3174.44, 3166.22, 3168.68, 3171.05, ],
[3173.90, 3168.15, 3166.11, 3178.97, 3169.26, 3163.08, 3166.00, 3163.91, 3162.22, 3166.67, 3168.45, 3165.94, 3169.12, 3181.19, 3164.16, 3166.52, 3167.82, 3166.99, 3167.92, 3165.47, 3165.40, 3168.32, 3166.95, 3165.58, 3162.81, 3171.80, 3167.44, 3162.33, 3166.18, 3165.54, 3160.71, 3168.64, ],
[3157.02, 3160.45, 3168.49, 3159.90, 3165.84, 3161.46, 3169.48, 3164.21, 3158.72, 3159.47, 3158.69, 3169.42, 3157.27, 3160.87, 3161.37, 3176.25, 3158.01, 3163.38, 3163.21, 3158.37, 3161.69, 3167.23, 3161.90, 3173.82, 3165.13, 3169.55, 3166.35, 3165.37, 3168.09, 3162.74, 3178.17, 3157.24, ],
[3156.00, 3155.10, 3152.28, 3152.14, 3151.87, 3153.29, 3154.64, 3158.06, 3151.64, 3152.35, 3150.56, 3152.64, 3154.87, 3155.03, 3150.40, 3148.16, 3149.90, 3145.29, 3148.63, 3158.22, 3154.12, 3149.19, 3151.78, 3150.01, 3141.86, 3152.23, 3160.37, 3150.13, 3149.13, 3146.70, 3157.54, 3154.31, ],
[3180.27, 3145.71, 3177.92, 3145.08, 3144.18, 3146.38, 3152.80, 3151.54, 3140.57, 3175.60, 3169.47, 3170.12, 3147.82, 3159.61, 3154.89, 3161.26, 3153.68, 3142.65, 3179.32, 3157.98, 3147.03, 3139.12, 3149.54, 3143.57, 3139.98, 3139.21, 3155.98, 3145.36, 3135.21, 3152.09, 3154.67, 3144.21, ],
[3160.07, 3158.02, 3154.56, 3162.62, 3165.39, 3161.13, 3169.95, 3155.51, 3155.78, 3159.05, 3160.42, 3161.39, 3157.97, 3159.31, 3151.24, 3158.11, 3159.94, 3159.16, 3158.04, 3158.66, 3156.28, 3165.80, 3158.70, 3159.26, 3158.77, 3164.11, 3165.84, 3153.93, 3158.43, 3158.86, 3160.87, 3154.13, ],
[3154.03, 3147.42, 3154.16, 3158.65, 3162.83, 3149.74, 3145.71, 3156.25, 3153.30, 3152.43, 3149.22, 3153.55, 3174.28, 3152.10, 3149.15, 3152.48, 3151.53, 3160.55, 3152.88, 3141.76, 3143.48, 3154.74, 3147.29, 3145.27, 3145.36, 3160.67, 3150.67, 3147.92, 3142.54, 3145.34, 3144.87, 3152.45, ],
[3153.15, 3146.08, 3146.59, 3182.35, 3166.75, 3149.12, 3146.04, 3143.98, 3140.54, 3147.13, 3150.33, 3148.15, 3150.99, 3155.48, 3145.88, 3144.38, 3155.43, 3148.87, 3150.22, 3153.15, 3156.96, 3147.84, 3156.18, 3162.63, 3151.00, 3151.83, 3147.14, 3149.98, 3151.21, 3150.63, 3148.12, 3148.88, ],
[3151.89, 3141.68, 3148.34, 3147.44, 3143.50, 3151.74, 3147.34, 3141.57, 3147.62, 3142.05, 3145.77, 3144.21, 3141.44, 3156.13, 3139.54, 3139.91, 3146.34, 3145.04, 3139.60, 3145.92, 3140.43, 3136.09, 3139.09, 3144.62, 3139.98, 3145.70, 3146.03, 3143.05, 3141.68, 3140.80, 3139.90, 3138.84, ],
[3147.91, 3155.89, 3136.50, 3157.90, 3150.09, 3143.80, 3145.52, 3154.16, 3150.20, 3143.08, 3149.66, 3148.38, 3152.07, 3153.73, 3152.71, 3149.21, 3155.78, 3161.11, 3154.28, 3144.80, 3162.46, 3163.73, 3174.58, 3151.51, 3150.69, 3153.68, 3144.60, 3154.86, 3149.82, 3148.19, 3158.72, 3152.72, ],
[3153.02, 3149.85, 3151.38, 3144.50, 3153.77, 3154.20, 3152.91, 3154.50, 3152.36, 3155.63, 3154.88, 3152.84, 3148.36, 3149.92, 3148.86, 3156.44, 3158.54, 3150.04, 3156.19, 3151.09, 3147.94, 3152.95, 3147.06, 3156.26, 3147.98, 3147.91, 3154.36, 3159.10, 3155.63, 3169.35, 3154.33, 3151.10, ],
[3159.13, 3154.85, 3152.10, 3157.61, 3154.18, 3154.11, 3141.48, 3145.81, 3146.83, 3145.21, 3148.15, 3144.14, 3141.10, 3142.83, 3131.55, 3139.37, 3141.75, 3142.80, 3148.73, 3143.75, 3144.94, 3158.20, 3141.28, 3157.21, 3148.00, 3147.20, 3155.03, 3149.22, 3138.43, 3137.88, 3146.09, 3149.20, ],
[3143.76, 3137.56, 3142.74, 3147.22, 3152.47, 3152.30, 3139.34, 3144.01, 3139.02, 3144.42, 3149.78, 3139.65, 3149.72, 3145.95, 3149.98, 3150.42, 3150.33, 3146.19, 3148.90, 3147.73, 3148.41, 3158.33, 3142.83, 3147.65, 3155.13, 3143.71, 3147.37, 3150.28, 3145.24, 3146.70, 3157.64, 3151.00, ],
[3142.42, 3136.55, 3144.67, 3140.55, 3134.59, 3137.99, 3136.09, 3137.11, 3142.73, 3136.13, 3134.76, 3143.04, 3139.71, 3136.78, 3136.64, 3129.36, 3133.19, 3135.16, 3137.57, 3135.01, 3135.62, 3136.33, 3133.99, 3146.33, 3136.81, 3130.61, 3133.08, 3134.36, 3137.14, 3126.21, 3136.37, 3128.14, ],
[3146.32, 3147.63, 3141.59, 3143.36, 3154.43, 3157.20, 3138.37, 3146.12, 3138.07, 3151.67, 3150.43, 3143.84, 3145.31, 3139.49, 3142.04, 3144.34, 3146.50, 3145.58, 3149.98, 3147.90, 3143.45, 3138.76, 3158.29, 3141.77, 3148.34, 3156.06, 3152.60, 3145.37, 3153.36, 3149.32, 3144.50, 3151.08, ],
[3150.86, 3148.49, 3149.03, 3150.83, 3143.97, 3133.33, 3140.03, 3141.50, 3157.66, 3148.91, 3159.65, 3143.83, 3142.16, 3145.86, 3137.92, 3145.94, 3142.83, 3141.84, 3139.24, 3151.95, 3141.33, 3140.11, 3142.41, 3136.99, 3141.33, 3147.09, 3150.97, 3146.70, 3136.89, 3146.66, 3141.08, 3140.23, ],
[3143.80, 3139.31, 3159.23, 3140.84, 3164.64, 3139.98, 3150.70, 3132.33, 3153.52, 3143.14, 3143.27, 3143.47, 3156.70, 3152.39, 3144.80, 3142.40, 3138.06, 3147.85, 3136.96, 3150.97, 3147.73, 3141.47, 3147.47, 3146.01, 3147.66, 3148.33, 3155.52, 3146.42, 3143.68, 3155.29, 3136.76, 3135.22, ],
[3142.44, 3162.26, 3145.34, 3147.97, 3151.34, 3141.87, 3136.88, 3143.33, 3143.03, 3145.52, 3147.78, 3148.43, 3151.84, 3143.94, 3148.61, 3142.54, 3152.82, 3146.20, 3147.29, 3154.70, 3138.05, 3142.49, 3154.43, 3139.93, 3138.13, 3141.58, 3136.67, 3135.14, 3136.33, 3138.76, 3162.56, 3142.23, ],
[3144.95, 3135.00, 3147.38, 3132.83, 3141.73, 3143.86, 3140.57, 3144.37, 3146.23, 3132.51, 3149.68, 3137.33, 3150.57, 3145.18, 3149.94, 3143.11, 3144.42, 3139.96, 3153.05, 3138.73, 3139.46, 3134.26, 3147.45, 3137.93, 3141.62, 3141.53, 3135.46, 3137.24, 3147.65, 3143.88, 3141.28, 3160.75, ],
[3143.35, 3146.09, 3143.92, 3145.77, 3147.21, 3145.38, 3139.69, 3140.70, 3140.13, 3136.82, 3143.38, 3147.37, 3147.57, 3157.44, 3141.66, 3143.52, 3144.73, 3140.03, 3148.15, 3149.94, 3152.93, 3147.21, 3146.69, 3147.66, 3161.32, 3149.51, 3152.90, 3159.52, 3149.79, 3142.95, 3140.31, 3149.49, ],
[3139.46, 3138.27, 3141.45, 3137.46, 3141.64, 3138.10, 3134.99, 3140.41, 3147.81, 3141.01, 3143.83, 3138.97, 3139.67, 3134.31, 3134.63, 3141.88, 3148.12, 3143.52, 3137.43, 3137.10, 3146.91, 3137.90, 3143.80, 3149.58, 3143.36, 3144.17, 3145.09, 3143.31, 3141.78, 3140.73, 3138.36, 3145.48, ],
[3135.28, 3135.55, 3131.70, 3132.19, 3135.53, 3137.07, 3150.61, 3143.53, 3131.35, 3141.29, 3133.97, 3131.44, 3139.89, 3133.35, 3134.12, 3133.55, 3132.74, 3135.90, 3128.24, 3133.99, 3134.48, 3131.06, 3129.54, 3141.68, 3133.92, 3137.23, 3134.35, 3142.49, 3135.24, 3136.47, 3139.83, 3128.98, ],
[3137.87, 3135.10, 3151.90, 3139.64, 3136.81, 3137.11, 3162.06, 3136.48, 3131.31, 3127.44, 3134.29, 3140.10, 3130.54, 3139.87, 3139.32, 3136.27, 3162.96, 3162.01, 3150.13, 3143.68, 3139.01, 3135.80, 3138.51, 3134.26, 3127.87, 3148.21, 3144.73, 3134.43, 3133.89, 3138.21, 3138.87, 3133.72, ],
[3139.71, 3142.83, 3142.69, 3138.95, 3134.22, 3138.23, 3136.01, 3145.13, 3153.69, 3143.69, 3138.38, 3145.56, 3148.38, 3144.07, 3141.85, 3139.53, 3155.29, 3141.28, 3142.82, 3144.09, 3149.42, 3153.33, 3142.16, 3139.88, 3139.70, 3148.17, 3142.97, 3138.30, 3143.82, 3142.31, 3146.28, 3138.66, ],
[3148.42, 3139.92, 3149.46, 3150.81, 3149.33, 3143.15, 3154.94, 3147.85, 3140.64, 3144.71, 3141.95, 3147.21, 3143.82, 3149.48, 3161.82, 3150.13, 3146.12, 3148.79, 3140.40, 3141.88, 3154.60, 3162.10, 3144.36, 3131.23, 3139.26, 3141.15, 3142.32, 3135.32, 3152.05, 3139.85, 3139.91, 3139.34, ],
[3133.36, 3142.81, 3136.78, 3147.63, 3139.95, 3136.18, 3155.39, 3146.30, 3137.71, 3134.23, 3141.30, 3138.65, 3135.94, 3136.10, 3157.42, 3133.69, 3143.78, 3142.83, 3135.98, 3136.99, 3134.82, 3143.27, 3141.49, 3141.17, 3139.20, 3155.52, 3138.08, 3143.79, 3142.35, 3140.50, 3150.50, 3144.18, ],
[3150.82, 3158.27, 3150.34, 3152.62, 3148.39, 3151.63, 3149.86, 3147.73, 3151.87, 3146.53, 3140.48, 3146.37, 3147.47, 3142.87, 3154.33, 3149.53, 3144.85, 3155.16, 3158.45, 3150.89, 3150.42, 3146.42, 3150.17, 3152.43, 3141.09, 3151.45, 3145.74, 3145.77, 3156.74, 3137.31, 3143.60, 3139.65, ],
[3149.08, 3136.06, 3143.16, 3145.03, 3139.67, 3142.35, 3146.05, 3141.79, 3146.94, 3152.47, 3144.57, 3142.30, 3138.49, 3139.83, 3136.27, 3137.20, 3144.85, 3148.57, 3149.78, 3147.78, 3146.66, 3148.00, 3137.43, 3147.51, 3144.16, 3142.21, 3141.61, 3145.64, 3141.38, 3143.10, 3132.75, 3138.27, ],
[3145.21, 3155.96, 3133.60, 3140.14, 3144.55, 3155.14, 3149.41, 3138.51, 3149.91, 3151.83, 3153.70, 3140.79, 3142.71, 3147.12, 3146.66, 3156.13, 3139.95, 3151.27, 3141.28, 3151.30, 3144.20, 3151.25, 3142.51, 3152.26, 3143.38, 3137.40, 3147.86, 3149.71, 3147.19, 3145.55, 3154.33, 3150.95, ],
[3152.02, 3153.04, 3144.95, 3150.48, 3146.29, 3141.11, 3140.25, 3148.97, 3144.10, 3143.00, 3140.43, 3144.62, 3145.18, 3148.58, 3144.21, 3144.60, 3147.25, 3143.63, 3144.89, 3136.56, 3142.33, 3140.70, 3146.46, 3144.95, 3147.09, 3146.12, 3140.22, 3144.45, 3147.93, 3147.83, 3154.08, 3155.12, ],
[3148.32, 3150.34, 3149.95, 3144.56, 3143.94, 3151.16, 3144.45, 3151.72, 3147.38, 3151.23, 3140.68, 3146.36, 3150.79, 3150.01, 3142.17, 3156.64, 3147.00, 3145.40, 3149.57, 3142.86, 3150.36, 3139.41, 3149.93, 3146.38, 3141.41, 3152.04, 3144.06, 3144.17, 3155.39, 3153.16, 3146.41, 3157.26, ],
[3152.50, 3152.38, 3152.12, 3150.59, 3147.28, 3151.54, 3151.13, 3156.79, 3153.34, 3172.86, 3152.33, 3145.94, 3147.07, 3153.17, 3141.75, 3143.91, 3151.68, 3158.57, 3153.74, 3150.91, 3149.89, 3152.78, 3148.28, 3146.19, 3146.35, 3149.11, 3161.41, 3148.99, 3146.67, 3151.16, 3159.86, 3146.27, ],
[3108.23, 3143.39, 3146.74, 3140.96, 3143.44, 3131.97, 3138.04, 3156.49, 3146.77, 3133.77, 3133.38, 3151.90, 3145.73, 3142.74, 3134.55, 3154.09, 3149.19, 3142.79, 3142.33, 3152.27, 3144.13, 3159.96, 3176.51, 3178.25, 3152.84, 3127.35, 3104.92, 3108.57, 3140.89, 3136.48, 3131.83, 3145.13, ],
[3114.51, 2977.52, 2970.16, 3160.25, 3251.94, 3044.64, 3078.84, 3087.63, 3108.40, 3010.32, 2937.20, 2951.60, 2977.12, 2927.53, 2928.79, 2906.59, 2929.09, 2985.07, 2910.12, 2922.79, 2935.88, 2926.68, 2884.44, 2899.82, 3023.42, 2968.11, 2885.68, 2951.19, 2786.92, 2869.69, 3110.91, 3107.90, ],
[2696.68, 2676.89, 2622.06, 2573.94, 2508.01, 2469.01, 2437.08, 2452.70, 2516.13, 2598.57, 2752.39, 2834.32, 2922.59, 2933.45, 2941.00, 2926.35, 2882.02, 2898.17, 2963.64, 2909.24, 2563.18, 2370.85, 2407.88, 2587.74, 2830.73, 2888.02, 2785.53, 2729.75, 2806.28, 2860.34, 2783.17, 2714.69, ],
[3150.61, 2924.74, 2734.44, 3101.17, 3299.68, 3127.82, 2900.03, 2743.94, 2597.74, 2684.87, 2864.88, 3039.48, 2970.57, 3059.28, 3059.59, 2958.03, 3067.77, 3020.37, 2862.26, 2880.47, 3020.22, 3003.26, 2855.44, 2847.83, 2851.69, 2880.08, 2900.96, 2921.70, 2946.66, 2899.88, 2856.16, 2900.17, ],
[3214.53, 3225.51, 3295.05, 3281.20, 3211.52, 3271.38, 3299.95, 3206.03, 3130.61, 3060.10, 3271.88, 3307.58, 3264.39, 3201.55, 3092.34, 3120.35, 3179.36, 3180.20, 3187.44, 3155.83, 3107.39, 3080.56, 3152.66, 3158.33, 3140.18, 3187.67, 3158.32, 3162.80, 3222.92, 3282.44, 3145.04, 3099.31, ],
[3159.48, 3156.30, 3150.64, 3145.70, 3169.37, 3169.17, 3157.36, 3136.76, 3137.93, 3140.28, 3143.83, 3165.51, 3174.72, 3145.92, 3141.26, 3167.01, 3164.82, 3161.55, 3170.56, 3176.09, 3167.16, 3157.28, 3165.60, 3155.93, 3160.30, 3147.11, 3147.16, 3150.95, 3160.79, 3185.12, 3172.30, 3168.53, ],
[3170.22, 3161.25, 3173.16, 3168.94, 3172.98, 3162.69, 3161.76, 3177.71, 3170.52, 3175.44, 3168.71, 3174.24, 3177.62, 3155.86, 3166.42, 3166.45, 3167.94, 3165.62, 3165.56, 3188.79, 3161.17, 3168.93, 3166.60, 3176.08, 3157.21, 3159.82, 3164.36, 3162.16, 3183.16, 3171.91, 3162.84, 3160.41, ],
[3153.06, 3151.84, 3149.09, 3151.66, 3157.03, 3146.22, 3150.95, 3152.38, 3157.57, 3167.04, 3160.29, 3152.23, 3158.06, 3161.46, 3160.90, 3160.05, 3148.71, 3160.77, 3151.05, 3157.88, 3157.18, 3159.04, 3167.91, 3163.64, 3174.79, 3210.26, 3182.82, 3162.82, 3168.42, 3188.40, 3158.23, 3154.91, ],
[3167.84, 3158.53, 3149.70, 3167.42, 3159.23, 3155.21, 3161.20, 3160.60, 3161.24, 3159.45, 3160.65, 3162.82, 3170.94, 3164.38, 3155.81, 3164.97, 3160.11, 3158.03, 3157.98, 3159.29, 3154.25, 3160.09, 3160.77, 3164.33, 3165.34, 3163.36, 3165.59, 3160.64, 3164.82, 3156.36, 3168.00, 3159.16, ],
[3155.19, 3149.14, 3153.68, 3168.26, 3149.00, 3161.04, 3154.08, 3144.62, 3146.43, 3150.69, 3152.87, 3148.65, 3157.49, 3158.45, 3147.93, 3144.87, 3148.24, 3151.14, 3157.87, 3156.93, 3156.18, 3162.26, 3153.25, 3172.35, 3163.18, 3153.59, 3156.32, 3153.09, 3158.48, 3153.87, 3162.13, 3153.19, ],
[3166.15, 3161.30, 3158.02, 3158.89, 3157.66, 3178.70, 3161.87, 3149.26, 3170.17, 3161.04, 3162.37, 3162.50, 3173.12, 3158.37, 3170.75, 3162.68, 3154.99, 3161.58, 3151.27, 3143.49, 3152.88, 3157.64, 3152.87, 3159.28, 3154.67, 3155.13, 3154.32, 3156.50, 3155.34, 3151.62, 3166.59, 3159.16, ],
[3148.32, 3147.47, 3143.73, 3150.15, 3144.46, 3159.53, 3153.20, 3161.72, 3159.95, 3155.00, 3147.84, 3148.28, 3151.88, 3149.04, 3156.50, 3151.03, 3148.86, 3143.01, 3158.18, 3158.23, 3153.74, 3158.31, 3154.73, 3156.29, 3162.35, 3164.17, 3162.77, 3158.60, 3158.91, 3152.65, 3158.23, 3157.81, ],
[3149.09, 3158.80, 3149.98, 3154.43, 3168.55, 3159.59, 3162.56, 3159.97, 3142.49, 3161.05, 3165.07, 3151.49, 3153.82, 3157.84, 3155.72, 3157.27, 3153.21, 3153.39, 3165.59, 3157.48, 3152.60, 3161.99, 3153.41, 3148.54, 3155.37, 3151.84, 3155.63, 3149.56, 3157.63, 3166.79, 3158.98, 3153.79, ],
[3170.62, 3152.47, 3152.39, 3151.35, 3154.26, 3156.39, 3150.88, 3151.81, 3148.88, 3150.51, 3152.77, 3150.58, 3142.17, 3151.06, 3145.95, 3161.89, 3152.41, 3145.32, 3159.80, 3143.94, 3165.81, 3152.00, 3140.62, 3148.48, 3157.23, 3151.10, 3153.78, 3154.14, 3150.42, 3151.13, 3158.37, 3167.24, ],
[3153.48, 3161.27, 3155.64, 3159.99, 3158.73, 3158.18, 3155.65, 3152.56, 3168.00, 3145.69, 3160.80, 3155.36, 3155.70, 3152.35, 3164.09, 3157.95, 3158.28, 3151.34, 3156.51, 3159.94, 3149.07, 3162.14, 3157.03, 3156.90, 3159.81, 3161.41, 3156.99, 3158.02, 3156.39, 3165.93, 3156.19, 3152.35, ],
[3150.56, 3157.29, 3151.62, 3146.57, 3150.22, 3156.26, 3152.82, 3140.52, 3145.10, 3149.94, 3152.16, 3154.64, 3142.90, 3154.36, 3151.82, 3163.94, 3154.98, 3161.57, 3155.09, 3157.45, 3161.19, 3158.51, 3147.98, 3154.83, 3161.00, 3151.11, 3152.65, 3161.41, 3149.04, 3149.84, 3152.54, 3153.67, ],
[3160.85, 3163.25, 3159.66, 3155.57, 3162.49, 3159.94, 3164.83, 3156.31, 3157.83, 3167.71, 3178.98, 3172.53, 3153.69, 3168.96, 3160.56, 3163.15, 3161.14, 3159.82, 3163.19, 3157.85, 3165.50, 3154.06, 3152.57, 3156.89, 3159.52, 3156.45, 3148.68, 3156.66, 3157.00, 3152.66, 3157.03, 3153.56, ],
[3184.42, 3168.87, 3162.47, 3174.10, 3164.58, 3176.13, 3184.95, 3171.84, 3170.90, 3163.07, 3162.88, 3171.61, 3166.59, 3173.73, 3170.74, 3169.24, 3176.32, 3157.35, 3162.79, 3161.83, 3162.50, 3166.29, 3165.77, 3164.39, 3158.82, 3158.02, 3162.77, 3165.77, 3158.16, 3161.56, 3169.76, 3157.91, ],
[3165.29, 3162.08, 3163.37, 3173.65, 3172.82, 3164.91, 3163.12, 3166.40, 3164.01, 3157.76, 3165.73, 3161.26, 3163.19, 3169.98, 3160.35, 3167.23, 3172.19, 3167.58, 3168.47, 3172.18, 3168.58, 3168.99, 3167.53, 3158.98, 3162.62, 3167.96, 3159.86, 3164.37, 3156.75, 3154.29, 3162.47, 3158.74, ],
[3165.80, 3168.43, 3160.16, 3178.69, 3164.69, 3160.69, 3162.54, 3174.41, 3175.43, 3167.95, 3177.00, 3172.45, 3178.52, 3170.26, 3159.55, 3173.90, 3173.47, 3166.38, 3161.28, 3163.19, 3158.66, 3161.11, 3167.86, 3171.02, 3181.69, 3174.32, 3180.15, 3171.38, 3165.75, 3182.24, 3166.86, 3160.70, ],
[3203.60, 3200.56, 3185.78, 3179.83, 3183.63, 3169.13, 3170.26, 3159.39, 3160.61, 3146.74, 3154.00, 3140.72, 3143.65, 3136.30, 3133.76, 3137.62, 3126.89, 3135.03, 3142.73, 3155.70, 3154.40, 3155.24, 3148.05, 3142.71, 3144.24, 3130.75, 3126.34, 3131.40, 3137.61, 3132.48, 3148.31, 3140.36, ],
[3209.43, 3190.87, 3202.22, 3199.45, 3206.82, 3201.46, 3193.10, 3187.24, 3196.49, 3180.59, 3170.01, 3172.78, 3175.49, 3172.54, 3172.70, 3176.53, 3175.08, 3173.14, 3171.08, 3177.51, 3179.23, 3171.01, 3166.47, 3174.68, 3172.33, 3174.07, 3179.36, 3195.18, 3176.29, 3187.42, 3178.68, 3186.33, ],
[3198.33, 3182.90, 3180.25, 3174.50, 3180.32, 3184.58, 3176.19, 3178.02, 3184.91, 3173.84, 3187.14, 3175.04, 3170.34, 3178.12, 3175.95, 3174.29, 3174.05, 3172.25, 3176.99, 3174.59, 3183.90, 3178.61, 3172.51, 3177.80, 3177.13, 3179.87, 3178.64, 3188.84, 3175.68, 3188.07, 3182.73, 3189.49, ],
[3176.56, 3161.96, 3158.30, 3162.06, 3159.60, 3159.92, 3140.35, 3146.86, 3157.23, 3172.29, 3167.34, 3166.33, 3164.07, 3165.54, 3164.58, 3163.94, 3162.29, 3151.75, 3158.36, 3159.61, 3172.80, 3176.35, 3194.36, 3180.09, 3170.29, 3178.55, 3160.94, 3164.88, 3173.18, 3181.36, 3183.81, 3181.55, ],
[3181.03, 3181.74, 3183.22, 3186.54, 3176.13, 3174.63, 3170.04, 3177.85, 3165.27, 3167.58, 3159.28, 3161.89, 3162.42, 3158.32, 3166.44, 3166.03, 3172.03, 3169.47, 3166.90, 3168.76, 3172.94, 3165.14, 3165.43, 3168.18, 3179.28, 3167.90, 3169.58, 3169.13, 3162.61, 3170.47, 3158.02, 3174.41, ],
[3174.67, 3168.54, 3179.43, 3170.12, 3162.83, 3169.97, 3162.58, 3165.16, 3162.00, 3159.04, 3159.16, 3170.87, 3160.80, 3148.24, 3161.10, 3175.88, 3165.94, 3177.71, 3176.56, 3163.13, 3164.05, 3149.48, 3174.44, 3168.54, 3174.08, 3186.64, 3188.80, 3176.89, 3169.77, 3175.76, 3166.89, 3165.82, ],
[3204.04, 3210.38, 3209.00, 3220.41, 3199.56, 3201.56, 3194.30, 3197.50, 3187.04, 3189.89, 3179.26, 3166.28, 3174.83, 3176.33, 3176.45, 3195.14, 3177.48, 3185.26, 3192.01, 3190.96, 3223.82, 3189.64, 3187.00, 3178.43, 3169.18, 3159.25, 3170.83, 3176.57, 3154.55, 3159.26, 3167.77, 3177.39, ],
[3167.28, 3163.26, 3171.26, 3181.40, 3174.35, 3186.53, 3186.43, 3182.56, 3184.63, 3169.15, 3173.30, 3195.51, 3211.33, 3219.21, 3181.46, 3191.34, 3170.53, 3182.82, 3174.23, 3202.31, 3181.72, 3219.91, 3190.19, 3185.12, 3187.52, 3175.56, 3178.82, 3177.61, 3274.49, 3199.56, 3175.85, 3182.70, ],
[3164.97, 3166.54, 3176.82, 3173.08, 3174.48, 3175.58, 3168.67, 3170.65, 3173.44, 3164.37, 3163.04, 3163.56, 3176.63, 3164.17, 3164.68, 3166.38, 3168.85, 3161.32, 3167.99, 3167.45, 3166.77, 3160.42, 3164.68, 3170.84, 3165.72, 3181.45, 3176.91, 3171.45, 3175.64, 3177.58, 3183.16, 3172.89, ],
[3161.20, 3165.89, 3166.98, 3172.98, 3168.10, 3176.82, 3167.87, 3166.97, 3171.29, 3172.63, 3175.30, 3168.69, 3171.47, 3167.67, 3169.56, 3173.36, 3178.23, 3173.71, 3171.93, 3174.00, 3175.45, 3171.34, 3181.61, 3167.66, 3170.34, 3163.85, 3166.61, 3169.37, 3166.61, 3167.23, 3168.59, 3175.39, ],
[3173.38, 3176.80, 3193.52, 3187.75, 3175.32, 3169.59, 3180.78, 3174.16, 3184.54, 3170.95, 3168.31, 3174.77, 3173.83, 3177.15, 3177.81, 3183.59, 3179.12, 3175.60, 3178.57, 3177.04, 3177.06, 3175.67, 3175.87, 3176.29, 3193.32, 3173.24, 3173.76, 3183.70, 3174.00, 3176.46, 3175.93, 3178.81, ],
[3175.14, 3185.00, 3176.87, 3181.42, 3177.60, 3176.69, 3183.00, 3180.32, 3179.90, 3181.67, 3192.30, 3188.50, 3194.23, 3200.27, 3183.38, 3184.71, 3182.24, 3192.75, 3182.27, 3183.02, 3184.06, 3185.93, 3184.49, 3196.74, 3186.45, 3173.82, 3191.07, 3168.38, 3175.30, 3193.56, 3183.00, 3204.43, ],
[3188.38, 3201.32, 3183.52, 3183.77, 3196.31, 3198.29, 3194.30, 3193.15, 3191.92, 3185.58, 3189.90, 3171.51, 3179.51, 3195.85, 3192.89, 3190.11, 3197.67, 3176.43, 3188.36, 3195.56, 3203.09, 3190.23, 3185.80, 3190.09, 3200.54, 3199.05, 3198.41, 3213.75, 3200.34, 3203.58, 3178.90, 3201.09, ],
[3110.46, 3392.28, 3453.90, 3180.65, 3348.24, 3319.77, 3190.99, 3070.68, 3166.75, 3246.85, 3044.11, 3157.49, 3105.96, 3165.26, 3128.70, 3218.94, 3252.96, 3222.23, 2992.84, 3116.50, 3194.38, 3126.94, 3212.00, 3300.33, 3192.55, 3101.02, 3190.38, 3241.59, 3118.89, 3249.97, 3144.48, 3211.25, ],
[2430.65, 2323.54, 2283.87, 2247.34, 2237.66, 2235.89, 2233.40, 2204.04, 2198.02, 2180.43, 2176.23, 2160.79, 2171.41, 2159.73, 2155.44, 2159.77, 2145.23, 2151.13, 2157.87, 2180.68, 2216.43, 2256.65, 2300.70, 2361.32, 2404.69, 2498.64, 2549.68, 2642.78, 2696.32, 2783.66, 2839.86, 2934.68, ],
[2838.73, 2968.99, 2874.80, 2660.44, 2676.29, 2702.38, 2613.57, 2478.21, 2520.62, 2734.89, 2852.83, 3027.12, 3061.83, 3101.04, 3099.28, 2989.27, 2926.87, 2824.67, 2828.74, 2887.12, 2874.66, 2919.21, 2922.19, 2922.80, 3052.56, 3254.94, 3078.76, 2763.19, 2797.90, 2931.36, 2999.39, 3116.62, ],
[2911.36, 2850.65, 2792.16, 2840.14, 2879.79, 2829.31, 2852.33, 2800.33, 2837.63, 2887.13, 2910.60, 2992.89, 2991.11, 3002.23, 2977.99, 2940.86, 2946.46, 3004.28, 3026.88, 3023.86, 3019.62, 3020.11, 3030.21, 3020.80, 2985.94, 2960.51, 2978.86, 3046.63, 3047.17, 2959.22, 2988.56, 3084.94, ],
[3093.10, 3121.33, 3164.29, 3180.28, 3146.82, 3106.93, 3158.05, 3194.30, 3175.56, 3125.66, 3131.53, 3120.02, 3136.01, 3147.92, 3134.59, 3120.69, 3158.31, 3166.60, 3160.56, 3115.62, 3126.15, 3115.48, 3117.23, 3125.05, 3119.22, 3125.40, 3119.67, 3109.91, 3121.03, 3144.21, 3156.67, 3152.92, ],
[3141.75, 3142.60, 3163.38, 3189.52, 3200.77, 3187.36, 3168.20, 3155.92, 3158.78, 3158.39, 3162.63, 3169.47, 3165.40, 3167.34, 3170.34, 3188.14, 3194.27, 3179.64, 3182.08, 3165.93, 3165.83, 3171.80, 3178.31, 3176.40, 3181.94, 3185.89, 3181.86, 3173.51, 3165.73, 3154.01, 3161.55, 3150.60, ],
[3166.00, 3174.46, 3164.82, 3160.56, 3159.32, 3163.20, 3178.20, 3193.07, 3177.00, 3173.01, 3184.07, 3171.71, 3171.32, 3187.39, 3263.59, 3184.05, 3176.04, 3176.51, 3206.26, 3185.03, 3222.10, 3218.82, 3179.79, 3196.44, 3211.89, 3224.21, 3188.10, 3205.05, 3183.63, 3187.41, 3237.46, 3175.85, ],
[3166.74, 3165.08, 3187.49, 3181.05, 3177.62, 3190.07, 3178.57, 3178.67, 3197.80, 3193.84, 3176.14, 3171.23, 3173.89, 3168.65, 3169.95, 3166.58, 3175.95, 3172.61, 3173.99, 3163.43, 3165.34, 3164.48, 3166.79, 3177.99, 3180.77, 3162.25, 3163.38, 3171.38, 3168.73, 3174.34, 3171.13, 3165.81, ],
[3174.38, 3173.54, 3172.18, 3160.47, 3165.77, 3167.30, 3164.29, 3164.18, 3180.95, 3170.60, 3179.82, 3171.02, 3166.14, 3157.63, 3168.36, 3172.96, 3161.54, 3173.48, 3168.27, 3171.59, 3171.51, 3174.38, 3171.29, 3170.14, 3171.71, 3172.18, 3172.62, 3170.46, 3174.92, 3168.13, 3177.91, 3174.08, ],
[3156.07, 3152.48, 3148.00, 3168.28, 3152.75, 3148.11, 3161.93, 3163.29, 3162.08, 3153.71, 3150.93, 3156.18, 3149.01, 3172.00, 3157.40, 3162.01, 3181.29, 3152.71, 3172.58, 3154.64, 3152.12, 3159.48, 3155.04, 3150.89, 3155.01, 3153.23, 3154.93, 3157.56, 3150.79, 3159.29, 3168.23, 3156.90, ],
[3152.13, 3158.43, 3149.25, 3148.49, 3157.05, 3147.33, 3149.46, 3153.32, 3157.65, 3160.32, 3149.82, 3149.74, 3154.96, 3167.16, 3157.70, 3158.33, 3163.63, 3156.73, 3163.78, 3157.91, 3186.69, 3163.73, 3166.07, 3179.31, 3153.93, 3166.15, 3164.03, 3156.68, 3158.22, 3158.59, 3157.95, 3168.25, ],
[3154.36, 3153.41, 3175.74, 3146.04, 3152.57, 3156.48, 3155.34, 3163.60, 3158.47, 3158.52, 3161.87, 3157.93, 3171.30, 3160.76, 3156.86, 3175.96, 3163.26, 3174.23, 3159.39, 3160.14, 3148.13, 3157.66, 3172.17, 3163.42, 3175.00, 3185.02, 3177.89, 3152.29, 3148.57, 3171.97, 3166.22, 3172.42, ],
[3125.83, 3198.37, 3075.81, 3046.96, 3132.91, 3095.60, 3052.39, 3124.34, 3195.87, 3147.93, 3174.95, 3163.77, 3072.67, 3087.29, 3053.37, 3098.00, 3087.78, 3088.26, 3194.35, 3191.65, 3120.82, 3156.57, 3142.67, 3360.78, 3312.52, 3232.68, 3202.37, 3099.98, 3270.26, 3190.32, 3115.76, 3049.16, ],
[2615.29, 2680.94, 3097.39, 3051.03, 2295.20, 2357.34, 2722.28, 2655.88, 2640.22, 2645.29, 2748.39, 2785.60, 2650.68, 2581.53, 2469.64, 2498.85, 2473.55, 2452.38, 2473.26, 2496.90, 2543.12, 2582.94, 2659.53, 2688.69, 2723.55, 2698.98, 2706.11, 2748.35, 2789.14, 2793.08, 2879.33, 2923.95, ],
[2840.09, 2828.83, 2791.80, 2770.56, 2732.16, 2704.18, 2663.19, 2649.70, 2619.38, 2590.99, 2581.21, 2585.27, 2556.30, 2544.02, 2541.25, 2532.86, 2526.66, 2530.29, 2515.76, 2529.60, 2533.89, 2522.97, 2551.88, 2550.85, 2540.83, 2551.66, 2560.66, 2561.64, 2547.27, 2559.13, 2590.04, 2542.15, ],
# === Voice data end ===



